(32.9, -117.21)
(32.9, -117.22)
(32.9, -117.23)
(32.9, -117.24)
(32.9, -117.25)
(32.9, -117.26)
(32.9, -117.27)
(32.9, -117.28)
(32.9, -117.29)
(32.9, -117.3)
(32.89, -117.21)
(32.89, -117.22)
(32.89, -117.23)
(32.89, -117.24)
(32.89, -117.25)
(32.89, -117.26)
(32.89, -117.27)
(32.89, -117.28)
(32.89, -117.29)
(32.89, -117.3)
(32.88, -117.21)
(32.88, -117.22)
(32.88, -117.23)
(32.88, -117.24)
(32.88, -117.25)
(32.88, -117.26)
(32.88, -117.27)
(32.88, -117.28)
(32.88, -117.29)
(32.88, -117.3)
(32.87, -117.21)
(32.87, -117.22)
(32.87, -117.23)
(32.87, -117.24)
(32.87, -117.25)
(32.87, -117.26)
(32.87, -117.27)
(32.87, -117.28)
(32.87, -117.29)
(32.87, -117.3)
(32.86, -117.21)
(32.86, -117.22)
(32.86, -117.23)
(32.86, -117.24)
(32.86, -117.25)
(32.86, -117.26)
(32.86, -117.27)
(32.86, -117.28)
(32.86, -117.29)
(32.86, -117.3)
(32.85, -117.21)
(32.85, -117.22)
(32.85, -117.23)
(32.85, -117.24)
(32.85, -117.25)
(32.85, -117.26)
(32.85, -117.27)
(32.85, -117.28)
(32.85, -117.29)
(32.85, -117.3)
(32.84, -117.21)
(32.84, -117.22)
(32.84, -117.23)
(32.84, -117.24)
(32.84, -117.25)
(32.84, -117.26)
(32.84, -117.27)
(32.84, -117.28)
(32.84, -117.29)
(32.84, -117.3)
(32.83, -117.21)
(32.83, -117.22)
(32.83, -117.23)
(32.83, -117.24)
(32.83, -117.25)
(32.83, -117.26)
(32.83, -117.27)
(32.83, -117.28)
(32.83, -117.29)
(32.83, -117.3)
(32.82, -117.21)
(32.82, -117.22)
(32.82, -117.23)
(32.82, -117.24)
(32.82, -117.25)
(32.82, -117.26)
(32.82, -117.27)
(32.82, -117.28)
(32.82, -117.29)
(32.82, -117.3)
(32.81, -117.21)
(32.81, -117.22)
(32.81, -117.23)
(32.81, -117.24)
(32.81, -117.25)
(32.81, -117.26)
(32.81, -117.27)
(32.81, -117.28)
(32.81, -117.29)
(32.81, -117.3)
(32.8, -117.21)
(32.8, -117.22)
(32.8, -117.23)
(32.8, -117.24)
(32.8, -117.25)
(32.8, -117.26)
(32.8, -117.27)
(32.8, -117.28)
(32.8, -117.29)
(32.8, -117.3)
(34.1, -118.01)
(34.1, -118.02)
(34.1, -118.03)
(34.1, -118.04)
(34.1, -118.05)
(34.1, -118.06)
(34.1, -118.07)
(34.1, -118.08)
(34.1, -118.09)
(34.1, -118.1)
(34.09, -118.01)
(34.09, -118.02)
(34.09, -118.03)
(34.09, -118.04)
(34.09, -118.05)
(34.09, -118.06)
(34.09, -118.07)
(34.09, -118.08)
(34.09, -118.09)
(34.09, -118.1)
(34.08, -118.01)
(34.08, -118.02)
(34.08, -118.03)
(34.08, -118.04)
(34.08, -118.05)
(34.08, -118.06)
(34.08, -118.07)
(34.08, -118.08)
(34.08, -118.09)
(34.08, -118.1)
(34.07, -118.01)
(34.07, -118.02)
(34.07, -118.03)
(34.07, -118.04)
(34.07, -118.05)
(34.07, -118.06)
(34.07, -118.07)
(34.07, -118.08)
(34.07, -118.09)
(34.07, -118.1)
(34.06, -118.01)
(34.06, -118.02)
(34.06, -118.03)
(34.06, -118.04)
(34.06, -118.05)
(34.06, -118.06)
(34.06, -118.07)
(34.06, -118.08)
(34.06, -118.09)
(34.06, -118.1)
(34.05, -118.01)
(34.05, -118.02)
(34.05, -118.03)
(34.05, -118.04)
(34.05, -118.05)
(34.05, -118.06)
(34.05, -118.07)
(34.05, -118.08)
(34.05, -118.09)
(34.05, -118.1)
(34.04, -118.01)
(34.04, -118.02)
(34.04, -118.03)
(34.04, -118.04)
(34.04, -118.05)
(34.04, -118.06)
(34.04, -118.07)
(34.04, -118.08)
(34.04, -118.09)
(34.04, -118.1)
(34.03, -118.01)
(34.03, -118.02)
(34.03, -118.03)
(34.03, -118.04)
(34.03, -118.05)
(34.03, -118.06)
(34.03, -118.07)
(34.03, -118.08)
(34.03, -118.09)
(34.03, -118.1)
(34.02, -118.01)
(34.02, -118.02)
(34.02, -118.03)
(34.02, -118.04)
(34.02, -118.05)
(34.02, -118.06)
(34.02, -118.07)
(34.02, -118.08)
(34.02, -118.09)
(34.02, -118.1)
(34.01, -118.01)
(34.01, -118.02)
(34.01, -118.03)
(34.01, -118.04)
(34.01, -118.05)
(34.01, -118.06)
(34.01, -118.07)
(34.01, -118.08)
(34.01, -118.09)
(34.01, -118.1)
(34.0, -118.01)
(34.0, -118.02)
(34.0, -118.03)
(34.0, -118.04)
(34.0, -118.05)
(34.0, -118.06)
(34.0, -118.07)
(34.0, -118.08)
(34.0, -118.09)
(34.0, -118.1)
(34.0, -118.11)
(34.0, -118.12)
(34.0, -118.13)
(34.0, -118.14)
(34.0, -118.15)
(34.0, -118.16)
(34.0, -118.17)
(34.0, -118.18)
(34.0, -118.19)
(34.0, -118.2)
(33.99, -118.11)
(33.99, -118.12)
(33.99, -118.13)
(33.99, -118.14)
(33.99, -118.15)
(33.99, -118.16)
(33.99, -118.17)
(33.99, -118.18)
(33.99, -118.19)
(33.99, -118.2)
(33.98, -118.11)
(33.98, -118.12)
(33.98, -118.13)
(33.98, -118.14)
(33.98, -118.15)
(33.98, -118.16)
(33.98, -118.17)
(33.98, -118.18)
(33.98, -118.19)
(33.98, -118.2)
(33.97, -118.11)
(33.97, -118.12)
(33.97, -118.13)
(33.97, -118.14)
(33.97, -118.15)
(33.97, -118.16)
(33.97, -118.17)
(33.97, -118.18)
(33.97, -118.19)
(33.97, -118.2)
(33.96, -118.11)
(33.96, -118.12)
(33.96, -118.13)
(33.96, -118.14)
(33.96, -118.15)
(33.96, -118.16)
(33.96, -118.17)
(33.96, -118.18)
(33.96, -118.19)
(33.96, -118.2)
(33.95, -118.11)
(33.95, -118.12)
(33.95, -118.13)
(33.95, -118.14)
(33.95, -118.15)
(33.95, -118.16)
(33.95, -118.17)
(33.95, -118.18)
(33.95, -118.19)
(33.95, -118.2)
(33.94, -118.11)
(33.94, -118.12)
(33.94, -118.13)
(33.94, -118.14)
(33.94, -118.15)
(33.94, -118.16)
(33.94, -118.17)
(33.94, -118.18)
(33.94, -118.19)
(33.94, -118.2)
(33.93, -118.11)
(33.93, -118.12)
(33.93, -118.13)
(33.93, -118.14)
(33.93, -118.15)
(33.93, -118.16)
(33.93, -118.17)
(33.93, -118.18)
(33.93, -118.19)
(33.93, -118.2)
(33.92, -118.11)
(33.92, -118.12)
(33.92, -118.13)
(33.92, -118.14)
(33.92, -118.15)
(33.92, -118.16)
(33.92, -118.17)
(33.92, -118.18)
(33.92, -118.19)
(33.92, -118.2)
(33.91, -118.11)
(33.91, -118.12)
(33.91, -118.13)
(33.91, -118.14)
(33.91, -118.15)
(33.91, -118.16)
(33.91, -118.17)
(33.91, -118.18)
(33.91, -118.19)
(33.91, -118.2)
(33.9, -118.11)
(33.9, -118.12)
(33.9, -118.13)
(33.9, -118.14)
(33.9, -118.15)
(33.9, -118.16)
(33.9, -118.17)
(33.9, -118.18)
(33.9, -118.19)
(33.9, -118.2)
(37.6, -122.31)
(37.6, -122.32)
(37.6, -122.33)
(37.6, -122.34)
(37.6, -122.35)
(37.6, -122.36)
(37.6, -122.37)
(37.6, -122.38)
(37.6, -122.39)
(37.6, -122.4)
(37.59, -122.31)
(37.59, -122.32)
(37.59, -122.33)
(37.59, -122.34)
(37.59, -122.35)
(37.59, -122.36)
(37.59, -122.37)
(37.59, -122.38)
(37.59, -122.39)
(37.59, -122.4)
(37.58, -122.31)
(37.58, -122.32)
(37.58, -122.33)
(37.58, -122.34)
(37.58, -122.35)
(37.58, -122.36)
(37.58, -122.37)
(37.58, -122.38)
(37.58, -122.39)
(37.58, -122.4)
(37.57, -122.31)
(37.57, -122.32)
(37.57, -122.33)
(37.57, -122.34)
(37.57, -122.35)
(37.57, -122.36)
(37.57, -122.37)
(37.57, -122.38)
(37.57, -122.39)
(37.57, -122.4)
(37.56, -122.31)
(37.56, -122.32)
(37.56, -122.33)
(37.56, -122.34)
(37.56, -122.35)
(37.56, -122.36)
(37.56, -122.37)
(37.56, -122.38)
(37.56, -122.39)
(37.56, -122.4)
(37.55, -122.31)
(37.55, -122.32)
(37.55, -122.33)
(37.55, -122.34)
(37.55, -122.35)
(37.55, -122.36)
(37.55, -122.37)
(37.55, -122.38)
(37.55, -122.39)
(37.55, -122.4)
(37.54, -122.31)
(37.54, -122.32)
(37.54, -122.33)
(37.54, -122.34)
(37.54, -122.35)
(37.54, -122.36)
(37.54, -122.37)
(37.54, -122.38)
(37.54, -122.39)
(37.54, -122.4)
(37.53, -122.31)
(37.53, -122.32)
(37.53, -122.33)
(37.53, -122.34)
(37.53, -122.35)
(37.53, -122.36)
(37.53, -122.37)
(37.53, -122.38)
(37.53, -122.39)
(37.53, -122.4)
(37.52, -122.31)
(37.52, -122.32)
(37.52, -122.33)
(37.52, -122.34)
(37.52, -122.35)
(37.52, -122.36)
(37.52, -122.37)
(37.52, -122.38)
(37.52, -122.39)
(37.52, -122.4)
(37.51, -122.31)
(37.51, -122.32)
(37.51, -122.33)
(37.51, -122.34)
(37.51, -122.35)
(37.51, -122.36)
(37.51, -122.37)
(37.51, -122.38)
(37.51, -122.39)
(37.51, -122.4)
(37.5, -122.31)
(37.5, -122.32)
(37.5, -122.33)
(37.5, -122.34)
(37.5, -122.35)
(37.5, -122.36)
(37.5, -122.37)
(37.5, -122.38)
(37.5, -122.39)
(37.5, -122.4)
(34.2, -118.01)
(34.2, -118.02)
(34.2, -118.03)
(34.2, -118.04)
(34.2, -118.05)
(34.2, -118.06)
(34.2, -118.07)
(34.2, -118.08)
(34.2, -118.09)
(34.2, -118.1)
(34.19, -118.01)
(34.19, -118.02)
(34.19, -118.03)
(34.19, -118.04)
(34.19, -118.05)
(34.19, -118.06)
(34.19, -118.07)
(34.19, -118.08)
(34.19, -118.09)
(34.19, -118.1)
(34.18, -118.01)
(34.18, -118.02)
(34.18, -118.03)
(34.18, -118.04)
(34.18, -118.05)
(34.18, -118.06)
(34.18, -118.07)
(34.18, -118.08)
(34.18, -118.09)
(34.18, -118.1)
(34.17, -118.01)
(34.17, -118.02)
(34.17, -118.03)
(34.17, -118.04)
(34.17, -118.05)
(34.17, -118.06)
(34.17, -118.07)
(34.17, -118.08)
(34.17, -118.09)
(34.17, -118.1)
(34.16, -118.01)
(34.16, -118.02)
(34.16, -118.03)
(34.16, -118.04)
(34.16, -118.05)
(34.16, -118.06)
(34.16, -118.07)
(34.16, -118.08)
(34.16, -118.09)
(34.16, -118.1)
(34.15, -118.01)
(34.15, -118.02)
(34.15, -118.03)
(34.15, -118.04)
(34.15, -118.05)
(34.15, -118.06)
(34.15, -118.07)
(34.15, -118.08)
(34.15, -118.09)
(34.15, -118.1)
(34.14, -118.01)
(34.14, -118.02)
(34.14, -118.03)
(34.14, -118.04)
(34.14, -118.05)
(34.14, -118.06)
(34.14, -118.07)
(34.14, -118.08)
(34.14, -118.09)
(34.14, -118.1)
(34.13, -118.01)
(34.13, -118.02)
(34.13, -118.03)
(34.13, -118.04)
(34.13, -118.05)
(34.13, -118.06)
(34.13, -118.07)
(34.13, -118.08)
(34.13, -118.09)
(34.13, -118.1)
(34.12, -118.01)
(34.12, -118.02)
(34.12, -118.03)
(34.12, -118.04)
(34.12, -118.05)
(34.12, -118.06)
(34.12, -118.07)
(34.12, -118.08)
(34.12, -118.09)
(34.12, -118.1)
(34.11, -118.01)
(34.11, -118.02)
(34.11, -118.03)
(34.11, -118.04)
(34.11, -118.05)
(34.11, -118.06)
(34.11, -118.07)
(34.11, -118.08)
(34.11, -118.09)
(34.11, -118.1)
(34.1, -118.01)
(34.1, -118.02)
(34.1, -118.03)
(34.1, -118.04)
(34.1, -118.05)
(34.1, -118.06)
(34.1, -118.07)
(34.1, -118.08)
(34.1, -118.09)
(34.1, -118.1)
(38.0, -122.01)
(38.0, -122.02)
(38.0, -122.03)
(38.0, -122.04)
(38.0, -122.05)
(38.0, -122.06)
(38.0, -122.07)
(38.0, -122.08)
(38.0, -122.09)
(38.0, -122.1)
(37.99, -122.01)
(37.99, -122.02)
(37.99, -122.03)
(37.99, -122.04)
(37.99, -122.05)
(37.99, -122.06)
(37.99, -122.07)
(37.99, -122.08)
(37.99, -122.09)
(37.99, -122.1)
(37.98, -122.01)
(37.98, -122.02)
(37.98, -122.03)
(37.98, -122.04)
(37.98, -122.05)
(37.98, -122.06)
(37.98, -122.07)
(37.98, -122.08)
(37.98, -122.09)
(37.98, -122.1)
(37.97, -122.01)
(37.97, -122.02)
(37.97, -122.03)
(37.97, -122.04)
(37.97, -122.05)
(37.97, -122.06)
(37.97, -122.07)
(37.97, -122.08)
(37.97, -122.09)
(37.97, -122.1)
(37.96, -122.01)
(37.96, -122.02)
(37.96, -122.03)
(37.96, -122.04)
(37.96, -122.05)
(37.96, -122.06)
(37.96, -122.07)
(37.96, -122.08)
(37.96, -122.09)
(37.96, -122.1)
(37.95, -122.01)
(37.95, -122.02)
(37.95, -122.03)
(37.95, -122.04)
(37.95, -122.05)
(37.95, -122.06)
(37.95, -122.07)
(37.95, -122.08)
(37.95, -122.09)
(37.95, -122.1)
(37.94, -122.01)
(37.94, -122.02)
(37.94, -122.03)
(37.94, -122.04)
(37.94, -122.05)
(37.94, -122.06)
(37.94, -122.07)
(37.94, -122.08)
(37.94, -122.09)
(37.94, -122.1)
(37.93, -122.01)
(37.93, -122.02)
(37.93, -122.03)
(37.93, -122.04)
(37.93, -122.05)
(37.93, -122.06)
(37.93, -122.07)
(37.93, -122.08)
(37.93, -122.09)
(37.93, -122.1)
(37.92, -122.01)
(37.92, -122.02)
(37.92, -122.03)
(37.92, -122.04)
(37.92, -122.05)
(37.92, -122.06)
(37.92, -122.07)
(37.92, -122.08)
(37.92, -122.09)
(37.92, -122.1)
(37.91, -122.01)
(37.91, -122.02)
(37.91, -122.03)
(37.91, -122.04)
(37.91, -122.05)
(37.91, -122.06)
(37.91, -122.07)
(37.91, -122.08)
(37.91, -122.09)
(37.91, -122.1)
(37.9, -122.01)
(37.9, -122.02)
(37.9, -122.03)
(37.9, -122.04)
(37.9, -122.05)
(37.9, -122.06)
(37.9, -122.07)
(37.9, -122.08)
(37.9, -122.09)
(37.9, -122.1)
(37.5, -122.11)
(37.5, -122.12)
(37.5, -122.13)
(37.5, -122.14)
(37.5, -122.15)
(37.5, -122.16)
(37.5, -122.17)
(37.5, -122.18)
(37.5, -122.19)
(37.5, -122.2)
(37.49, -122.11)
(37.49, -122.12)
(37.49, -122.13)
(37.49, -122.14)
(37.49, -122.15)
(37.49, -122.16)
(37.49, -122.17)
(37.49, -122.18)
(37.49, -122.19)
(37.49, -122.2)
(37.48, -122.11)
(37.48, -122.12)
(37.48, -122.13)
(37.48, -122.14)
(37.48, -122.15)
(37.48, -122.16)
(37.48, -122.17)
(37.48, -122.18)
(37.48, -122.19)
(37.48, -122.2)
(37.47, -122.11)
(37.47, -122.12)
(37.47, -122.13)
(37.47, -122.14)
(37.47, -122.15)
(37.47, -122.16)
(37.47, -122.17)
(37.47, -122.18)
(37.47, -122.19)
(37.47, -122.2)
(37.46, -122.11)
(37.46, -122.12)
(37.46, -122.13)
(37.46, -122.14)
(37.46, -122.15)
(37.46, -122.16)
(37.46, -122.17)
(37.46, -122.18)
(37.46, -122.19)
(37.46, -122.2)
(37.45, -122.11)
(37.45, -122.12)
(37.45, -122.13)
(37.45, -122.14)
(37.45, -122.15)
(37.45, -122.16)
(37.45, -122.17)
(37.45, -122.18)
(37.45, -122.19)
(37.45, -122.2)
(37.44, -122.11)
(37.44, -122.12)
(37.44, -122.13)
(37.44, -122.14)
(37.44, -122.15)
(37.44, -122.16)
(37.44, -122.17)
(37.44, -122.18)
(37.44, -122.19)
(37.44, -122.2)
(37.43, -122.11)
(37.43, -122.12)
(37.43, -122.13)
(37.43, -122.14)
(37.43, -122.15)
(37.43, -122.16)
(37.43, -122.17)
(37.43, -122.18)
(37.43, -122.19)
(37.43, -122.2)
(37.42, -122.11)
(37.42, -122.12)
(37.42, -122.13)
(37.42, -122.14)
(37.42, -122.15)
(37.42, -122.16)
(37.42, -122.17)
(37.42, -122.18)
(37.42, -122.19)
(37.42, -122.2)
(37.41, -122.11)
(37.41, -122.12)
(37.41, -122.13)
(37.41, -122.14)
(37.41, -122.15)
(37.41, -122.16)
(37.41, -122.17)
(37.41, -122.18)
(37.41, -122.19)
(37.41, -122.2)
(37.4, -122.11)
(37.4, -122.12)
(37.4, -122.13)
(37.4, -122.14)
(37.4, -122.15)
(37.4, -122.16)
(37.4, -122.17)
(37.4, -122.18)
(37.4, -122.19)
(37.4, -122.2)
(32.8, -117.01)
(32.8, -117.02)
(32.8, -117.03)
(32.8, -117.04)
(32.8, -117.05)
(32.8, -117.06)
(32.8, -117.07)
(32.8, -117.08)
(32.8, -117.09)
(32.8, -117.1)
(32.79, -117.01)
(32.79, -117.02)
(32.79, -117.03)
(32.79, -117.04)
(32.79, -117.05)
(32.79, -117.06)
(32.79, -117.07)
(32.79, -117.08)
(32.79, -117.09)
(32.79, -117.1)
(32.78, -117.01)
(32.78, -117.02)
(32.78, -117.03)
(32.78, -117.04)
(32.78, -117.05)
(32.78, -117.06)
(32.78, -117.07)
(32.78, -117.08)
(32.78, -117.09)
(32.78, -117.1)
(32.77, -117.01)
(32.77, -117.02)
(32.77, -117.03)
(32.77, -117.04)
(32.77, -117.05)
(32.77, -117.06)
(32.77, -117.07)
(32.77, -117.08)
(32.77, -117.09)
(32.77, -117.1)
(32.76, -117.01)
(32.76, -117.02)
(32.76, -117.03)
(32.76, -117.04)
(32.76, -117.05)
(32.76, -117.06)
(32.76, -117.07)
(32.76, -117.08)
(32.76, -117.09)
(32.76, -117.1)
(32.75, -117.01)
(32.75, -117.02)
(32.75, -117.03)
(32.75, -117.04)
(32.75, -117.05)
(32.75, -117.06)
(32.75, -117.07)
(32.75, -117.08)
(32.75, -117.09)
(32.75, -117.1)
(32.74, -117.01)
(32.74, -117.02)
(32.74, -117.03)
(32.74, -117.04)
(32.74, -117.05)
(32.74, -117.06)
(32.74, -117.07)
(32.74, -117.08)
(32.74, -117.09)
(32.74, -117.1)
(32.73, -117.01)
(32.73, -117.02)
(32.73, -117.03)
(32.73, -117.04)
(32.73, -117.05)
(32.73, -117.06)
(32.73, -117.07)
(32.73, -117.08)
(32.73, -117.09)
(32.73, -117.1)
(32.72, -117.01)
(32.72, -117.02)
(32.72, -117.03)
(32.72, -117.04)
(32.72, -117.05)
(32.72, -117.06)
(32.72, -117.07)
(32.72, -117.08)
(32.72, -117.09)
(32.72, -117.1)
(32.71, -117.01)
(32.71, -117.02)
(32.71, -117.03)
(32.71, -117.04)
(32.71, -117.05)
(32.71, -117.06)
(32.71, -117.07)
(32.71, -117.08)
(32.71, -117.09)
(32.71, -117.1)
(32.7, -117.01)
(32.7, -117.02)
(32.7, -117.03)
(32.7, -117.04)
(32.7, -117.05)
(32.7, -117.06)
(32.7, -117.07)
(32.7, -117.08)
(32.7, -117.09)
(32.7, -117.1)
(37.3, -121.91)
(37.3, -121.92)
(37.3, -121.93)
(37.3, -121.94)
(37.3, -121.95)
(37.3, -121.96)
(37.3, -121.97)
(37.3, -121.98)
(37.3, -121.99)
(37.3, -122.0)
(37.29, -121.91)
(37.29, -121.92)
(37.29, -121.93)
(37.29, -121.94)
(37.29, -121.95)
(37.29, -121.96)
(37.29, -121.97)
(37.29, -121.98)
(37.29, -121.99)
(37.29, -122.0)
(37.28, -121.91)
(37.28, -121.92)
(37.28, -121.93)
(37.28, -121.94)
(37.28, -121.95)
(37.28, -121.96)
(37.28, -121.97)
(37.28, -121.98)
(37.28, -121.99)
(37.28, -122.0)
(37.27, -121.91)
(37.27, -121.92)
(37.27, -121.93)
(37.27, -121.94)
(37.27, -121.95)
(37.27, -121.96)
(37.27, -121.97)
(37.27, -121.98)
(37.27, -121.99)
(37.27, -122.0)
(37.26, -121.91)
(37.26, -121.92)
(37.26, -121.93)
(37.26, -121.94)
(37.26, -121.95)
(37.26, -121.96)
(37.26, -121.97)
(37.26, -121.98)
(37.26, -121.99)
(37.26, -122.0)
(37.25, -121.91)
(37.25, -121.92)
(37.25, -121.93)
(37.25, -121.94)
(37.25, -121.95)
(37.25, -121.96)
(37.25, -121.97)
(37.25, -121.98)
(37.25, -121.99)
(37.25, -122.0)
(37.24, -121.91)
(37.24, -121.92)
(37.24, -121.93)
(37.24, -121.94)
(37.24, -121.95)
(37.24, -121.96)
(37.24, -121.97)
(37.24, -121.98)
(37.24, -121.99)
(37.24, -122.0)
(37.23, -121.91)
(37.23, -121.92)
(37.23, -121.93)
(37.23, -121.94)
(37.23, -121.95)
(37.23, -121.96)
(37.23, -121.97)
(37.23, -121.98)
(37.23, -121.99)
(37.23, -122.0)
(37.22, -121.91)
(37.22, -121.92)
(37.22, -121.93)
(37.22, -121.94)
(37.22, -121.95)
(37.22, -121.96)
(37.22, -121.97)
(37.22, -121.98)
(37.22, -121.99)
(37.22, -122.0)
(37.21, -121.91)
(37.21, -121.92)
(37.21, -121.93)
(37.21, -121.94)
(37.21, -121.95)
(37.21, -121.96)
(37.21, -121.97)
(37.21, -121.98)
(37.21, -121.99)
(37.21, -122.0)
(37.2, -121.91)
(37.2, -121.92)
(37.2, -121.93)
(37.2, -121.94)
(37.2, -121.95)
(37.2, -121.96)
(37.2, -121.97)
(37.2, -121.98)
(37.2, -121.99)
(37.2, -122.0)
(34.3, -118.51)
(34.3, -118.52)
(34.3, -118.53)
(34.3, -118.54)
(34.3, -118.55)
(34.3, -118.56)
(34.3, -118.57)
(34.3, -118.58)
(34.3, -118.59)
(34.3, -118.6)
(34.29, -118.51)
(34.29, -118.52)
(34.29, -118.53)
(34.29, -118.54)
(34.29, -118.55)
(34.29, -118.56)
(34.29, -118.57)
(34.29, -118.58)
(34.29, -118.59)
(34.29, -118.6)
(34.28, -118.51)
(34.28, -118.52)
(34.28, -118.53)
(34.28, -118.54)
(34.28, -118.55)
(34.28, -118.56)
(34.28, -118.57)
(34.28, -118.58)
(34.28, -118.59)
(34.28, -118.6)
(34.27, -118.51)
(34.27, -118.52)
(34.27, -118.53)
(34.27, -118.54)
(34.27, -118.55)
(34.27, -118.56)
(34.27, -118.57)
(34.27, -118.58)
(34.27, -118.59)
(34.27, -118.6)
(34.26, -118.51)
(34.26, -118.52)
(34.26, -118.53)
(34.26, -118.54)
(34.26, -118.55)
(34.26, -118.56)
(34.26, -118.57)
(34.26, -118.58)
(34.26, -118.59)
(34.26, -118.6)
(34.25, -118.51)
(34.25, -118.52)
(34.25, -118.53)
(34.25, -118.54)
(34.25, -118.55)
(34.25, -118.56)
(34.25, -118.57)
(34.25, -118.58)
(34.25, -118.59)
(34.25, -118.6)
(34.24, -118.51)
(34.24, -118.52)
(34.24, -118.53)
(34.24, -118.54)
(34.24, -118.55)
(34.24, -118.56)
(34.24, -118.57)
(34.24, -118.58)
(34.24, -118.59)
(34.24, -118.6)
(34.23, -118.51)
(34.23, -118.52)
(34.23, -118.53)
(34.23, -118.54)
(34.23, -118.55)
(34.23, -118.56)
(34.23, -118.57)
(34.23, -118.58)
(34.23, -118.59)
(34.23, -118.6)
(34.22, -118.51)
(34.22, -118.52)
(34.22, -118.53)
(34.22, -118.54)
(34.22, -118.55)
(34.22, -118.56)
(34.22, -118.57)
(34.22, -118.58)
(34.22, -118.59)
(34.22, -118.6)
(34.21, -118.51)
(34.21, -118.52)
(34.21, -118.53)
(34.21, -118.54)
(34.21, -118.55)
(34.21, -118.56)
(34.21, -118.57)
(34.21, -118.58)
(34.21, -118.59)
(34.21, -118.6)
(34.2, -118.51)
(34.2, -118.52)
(34.2, -118.53)
(34.2, -118.54)
(34.2, -118.55)
(34.2, -118.56)
(34.2, -118.57)
(34.2, -118.58)
(34.2, -118.59)
(34.2, -118.6)
(34.0, -118.41)
(34.0, -118.42)
(34.0, -118.43)
(34.0, -118.44)
(34.0, -118.45)
(34.0, -118.46)
(34.0, -118.47)
(34.0, -118.48)
(34.0, -118.49)
(34.0, -118.5)
(33.99, -118.41)
(33.99, -118.42)
(33.99, -118.43)
(33.99, -118.44)
(33.99, -118.45)
(33.99, -118.46)
(33.99, -118.47)
(33.99, -118.48)
(33.99, -118.49)
(33.99, -118.5)
(33.98, -118.41)
(33.98, -118.42)
(33.98, -118.43)
(33.98, -118.44)
(33.98, -118.45)
(33.98, -118.46)
(33.98, -118.47)
(33.98, -118.48)
(33.98, -118.49)
(33.98, -118.5)
(33.97, -118.41)
(33.97, -118.42)
(33.97, -118.43)
(33.97, -118.44)
(33.97, -118.45)
(33.97, -118.46)
(33.97, -118.47)
(33.97, -118.48)
(33.97, -118.49)
(33.97, -118.5)
(33.96, -118.41)
(33.96, -118.42)
(33.96, -118.43)
(33.96, -118.44)
(33.96, -118.45)
(33.96, -118.46)
(33.96, -118.47)
(33.96, -118.48)
(33.96, -118.49)
(33.96, -118.5)
(33.95, -118.41)
(33.95, -118.42)
(33.95, -118.43)
(33.95, -118.44)
(33.95, -118.45)
(33.95, -118.46)
(33.95, -118.47)
(33.95, -118.48)
(33.95, -118.49)
(33.95, -118.5)
(33.94, -118.41)
(33.94, -118.42)
(33.94, -118.43)
(33.94, -118.44)
(33.94, -118.45)
(33.94, -118.46)
(33.94, -118.47)
(33.94, -118.48)
(33.94, -118.49)
(33.94, -118.5)
(33.93, -118.41)
(33.93, -118.42)
(33.93, -118.43)
(33.93, -118.44)
(33.93, -118.45)
(33.93, -118.46)
(33.93, -118.47)
(33.93, -118.48)
(33.93, -118.49)
(33.93, -118.5)
(33.92, -118.41)
(33.92, -118.42)
(33.92, -118.43)
(33.92, -118.44)
(33.92, -118.45)
(33.92, -118.46)
(33.92, -118.47)
(33.92, -118.48)
(33.92, -118.49)
(33.92, -118.5)
(33.91, -118.41)
(33.91, -118.42)
(33.91, -118.43)
(33.91, -118.44)
(33.91, -118.45)
(33.91, -118.46)
(33.91, -118.47)
(33.91, -118.48)
(33.91, -118.49)
(33.91, -118.5)
(33.9, -118.41)
(33.9, -118.42)
(33.9, -118.43)
(33.9, -118.44)
(33.9, -118.45)
(33.9, -118.46)
(33.9, -118.47)
(33.9, -118.48)
(33.9, -118.49)
(33.9, -118.5)
(34.2, -118.41)
(34.2, -118.42)
(34.2, -118.43)
(34.2, -118.44)
(34.2, -118.45)
(34.2, -118.46)
(34.2, -118.47)
(34.2, -118.48)
(34.2, -118.49)
(34.2, -118.5)
(34.19, -118.41)
(34.19, -118.42)
(34.19, -118.43)
(34.19, -118.44)
(34.19, -118.45)
(34.19, -118.46)
(34.19, -118.47)
(34.19, -118.48)
(34.19, -118.49)
(34.19, -118.5)
(34.18, -118.41)
(34.18, -118.42)
(34.18, -118.43)
(34.18, -118.44)
(34.18, -118.45)
(34.18, -118.46)
(34.18, -118.47)
(34.18, -118.48)
(34.18, -118.49)
(34.18, -118.5)
(34.17, -118.41)
(34.17, -118.42)
(34.17, -118.43)
(34.17, -118.44)
(34.17, -118.45)
(34.17, -118.46)
(34.17, -118.47)
(34.17, -118.48)
(34.17, -118.49)
(34.17, -118.5)
(34.16, -118.41)
(34.16, -118.42)
(34.16, -118.43)
(34.16, -118.44)
(34.16, -118.45)
(34.16, -118.46)
(34.16, -118.47)
(34.16, -118.48)
(34.16, -118.49)
(34.16, -118.5)
(34.15, -118.41)
(34.15, -118.42)
(34.15, -118.43)
(34.15, -118.44)
(34.15, -118.45)
(34.15, -118.46)
(34.15, -118.47)
(34.15, -118.48)
(34.15, -118.49)
(34.15, -118.5)
(34.14, -118.41)
(34.14, -118.42)
(34.14, -118.43)
(34.14, -118.44)
(34.14, -118.45)
(34.14, -118.46)
(34.14, -118.47)
(34.14, -118.48)
(34.14, -118.49)
(34.14, -118.5)
(34.13, -118.41)
(34.13, -118.42)
(34.13, -118.43)
(34.13, -118.44)
(34.13, -118.45)
(34.13, -118.46)
(34.13, -118.47)
(34.13, -118.48)
(34.13, -118.49)
(34.13, -118.5)
(34.12, -118.41)
(34.12, -118.42)
(34.12, -118.43)
(34.12, -118.44)
(34.12, -118.45)
(34.12, -118.46)
(34.12, -118.47)
(34.12, -118.48)
(34.12, -118.49)
(34.12, -118.5)
(34.11, -118.41)
(34.11, -118.42)
(34.11, -118.43)
(34.11, -118.44)
(34.11, -118.45)
(34.11, -118.46)
(34.11, -118.47)
(34.11, -118.48)
(34.11, -118.49)
(34.11, -118.5)
(34.1, -118.41)
(34.1, -118.42)
(34.1, -118.43)
(34.1, -118.44)
(34.1, -118.45)
(34.1, -118.46)
(34.1, -118.47)
(34.1, -118.48)
(34.1, -118.49)
(34.1, -118.5)
(32.8, -117.21)
(32.8, -117.22)
(32.8, -117.23)
(32.8, -117.24)
(32.8, -117.25)
(32.8, -117.26)
(32.8, -117.27)
(32.8, -117.28)
(32.8, -117.29)
(32.8, -117.3)
(32.79, -117.21)
(32.79, -117.22)
(32.79, -117.23)
(32.79, -117.24)
(32.79, -117.25)
(32.79, -117.26)
(32.79, -117.27)
(32.79, -117.28)
(32.79, -117.29)
(32.79, -117.3)
(32.78, -117.21)
(32.78, -117.22)
(32.78, -117.23)
(32.78, -117.24)
(32.78, -117.25)
(32.78, -117.26)
(32.78, -117.27)
(32.78, -117.28)
(32.78, -117.29)
(32.78, -117.3)
(32.77, -117.21)
(32.77, -117.22)
(32.77, -117.23)
(32.77, -117.24)
(32.77, -117.25)
(32.77, -117.26)
(32.77, -117.27)
(32.77, -117.28)
(32.77, -117.29)
(32.77, -117.3)
(32.76, -117.21)
(32.76, -117.22)
(32.76, -117.23)
(32.76, -117.24)
(32.76, -117.25)
(32.76, -117.26)
(32.76, -117.27)
(32.76, -117.28)
(32.76, -117.29)
(32.76, -117.3)
(32.75, -117.21)
(32.75, -117.22)
(32.75, -117.23)
(32.75, -117.24)
(32.75, -117.25)
(32.75, -117.26)
(32.75, -117.27)
(32.75, -117.28)
(32.75, -117.29)
(32.75, -117.3)
(32.74, -117.21)
(32.74, -117.22)
(32.74, -117.23)
(32.74, -117.24)
(32.74, -117.25)
(32.74, -117.26)
(32.74, -117.27)
(32.74, -117.28)
(32.74, -117.29)
(32.74, -117.3)
(32.73, -117.21)
(32.73, -117.22)
(32.73, -117.23)
(32.73, -117.24)
(32.73, -117.25)
(32.73, -117.26)
(32.73, -117.27)
(32.73, -117.28)
(32.73, -117.29)
(32.73, -117.3)
(32.72, -117.21)
(32.72, -117.22)
(32.72, -117.23)
(32.72, -117.24)
(32.72, -117.25)
(32.72, -117.26)
(32.72, -117.27)
(32.72, -117.28)
(32.72, -117.29)
(32.72, -117.3)
(32.71, -117.21)
(32.71, -117.22)
(32.71, -117.23)
(32.71, -117.24)
(32.71, -117.25)
(32.71, -117.26)
(32.71, -117.27)
(32.71, -117.28)
(32.71, -117.29)
(32.71, -117.3)
(32.7, -117.21)
(32.7, -117.22)
(32.7, -117.23)
(32.7, -117.24)
(32.7, -117.25)
(32.7, -117.26)
(32.7, -117.27)
(32.7, -117.28)
(32.7, -117.29)
(32.7, -117.3)
(33.9, -118.11)
(33.9, -118.12)
(33.9, -118.13)
(33.9, -118.14)
(33.9, -118.15)
(33.9, -118.16)
(33.9, -118.17)
(33.9, -118.18)
(33.9, -118.19)
(33.9, -118.2)
(33.89, -118.11)
(33.89, -118.12)
(33.89, -118.13)
(33.89, -118.14)
(33.89, -118.15)
(33.89, -118.16)
(33.89, -118.17)
(33.89, -118.18)
(33.89, -118.19)
(33.89, -118.2)
(33.88, -118.11)
(33.88, -118.12)
(33.88, -118.13)
(33.88, -118.14)
(33.88, -118.15)
(33.88, -118.16)
(33.88, -118.17)
(33.88, -118.18)
(33.88, -118.19)
(33.88, -118.2)
(33.87, -118.11)
(33.87, -118.12)
(33.87, -118.13)
(33.87, -118.14)
(33.87, -118.15)
(33.87, -118.16)
(33.87, -118.17)
(33.87, -118.18)
(33.87, -118.19)
(33.87, -118.2)
(33.86, -118.11)
(33.86, -118.12)
(33.86, -118.13)
(33.86, -118.14)
(33.86, -118.15)
(33.86, -118.16)
(33.86, -118.17)
(33.86, -118.18)
(33.86, -118.19)
(33.86, -118.2)
(33.85, -118.11)
(33.85, -118.12)
(33.85, -118.13)
(33.85, -118.14)
(33.85, -118.15)
(33.85, -118.16)
(33.85, -118.17)
(33.85, -118.18)
(33.85, -118.19)
(33.85, -118.2)
(33.84, -118.11)
(33.84, -118.12)
(33.84, -118.13)
(33.84, -118.14)
(33.84, -118.15)
(33.84, -118.16)
(33.84, -118.17)
(33.84, -118.18)
(33.84, -118.19)
(33.84, -118.2)
(33.83, -118.11)
(33.83, -118.12)
(33.83, -118.13)
(33.83, -118.14)
(33.83, -118.15)
(33.83, -118.16)
(33.83, -118.17)
(33.83, -118.18)
(33.83, -118.19)
(33.83, -118.2)
(33.82, -118.11)
(33.82, -118.12)
(33.82, -118.13)
(33.82, -118.14)
(33.82, -118.15)
(33.82, -118.16)
(33.82, -118.17)
(33.82, -118.18)
(33.82, -118.19)
(33.82, -118.2)
(33.81, -118.11)
(33.81, -118.12)
(33.81, -118.13)
(33.81, -118.14)
(33.81, -118.15)
(33.81, -118.16)
(33.81, -118.17)
(33.81, -118.18)
(33.81, -118.19)
(33.81, -118.2)
(33.8, -118.11)
(33.8, -118.12)
(33.8, -118.13)
(33.8, -118.14)
(33.8, -118.15)
(33.8, -118.16)
(33.8, -118.17)
(33.8, -118.18)
(33.8, -118.19)
(33.8, -118.2)
(37.7, -122.41)
(37.7, -122.42)
(37.7, -122.43)
(37.7, -122.44)
(37.7, -122.45)
(37.7, -122.46)
(37.7, -122.47)
(37.7, -122.48)
(37.7, -122.49)
(37.7, -122.5)
(37.69, -122.41)
(37.69, -122.42)
(37.69, -122.43)
(37.69, -122.44)
(37.69, -122.45)
(37.69, -122.46)
(37.69, -122.47)
(37.69, -122.48)
(37.69, -122.49)
(37.69, -122.5)
(37.68, -122.41)
(37.68, -122.42)
(37.68, -122.43)
(37.68, -122.44)
(37.68, -122.45)
(37.68, -122.46)
(37.68, -122.47)
(37.68, -122.48)
(37.68, -122.49)
(37.68, -122.5)
(37.67, -122.41)
(37.67, -122.42)
(37.67, -122.43)
(37.67, -122.44)
(37.67, -122.45)
(37.67, -122.46)
(37.67, -122.47)
(37.67, -122.48)
(37.67, -122.49)
(37.67, -122.5)
(37.66, -122.41)
(37.66, -122.42)
(37.66, -122.43)
(37.66, -122.44)
(37.66, -122.45)
(37.66, -122.46)
(37.66, -122.47)
(37.66, -122.48)
(37.66, -122.49)
(37.66, -122.5)
(37.65, -122.41)
(37.65, -122.42)
(37.65, -122.43)
(37.65, -122.44)
(37.65, -122.45)
(37.65, -122.46)
(37.65, -122.47)
(37.65, -122.48)
(37.65, -122.49)
(37.65, -122.5)
(37.64, -122.41)
(37.64, -122.42)
(37.64, -122.43)
(37.64, -122.44)
(37.64, -122.45)
(37.64, -122.46)
(37.64, -122.47)
(37.64, -122.48)
(37.64, -122.49)
(37.64, -122.5)
(37.63, -122.41)
(37.63, -122.42)
(37.63, -122.43)
(37.63, -122.44)
(37.63, -122.45)
(37.63, -122.46)
(37.63, -122.47)
(37.63, -122.48)
(37.63, -122.49)
(37.63, -122.5)
(37.62, -122.41)
(37.62, -122.42)
(37.62, -122.43)
(37.62, -122.44)
(37.62, -122.45)
(37.62, -122.46)
(37.62, -122.47)
(37.62, -122.48)
(37.62, -122.49)
(37.62, -122.5)
(37.61, -122.41)
(37.61, -122.42)
(37.61, -122.43)
(37.61, -122.44)
(37.61, -122.45)
(37.61, -122.46)
(37.61, -122.47)
(37.61, -122.48)
(37.61, -122.49)
(37.61, -122.5)
(37.6, -122.41)
(37.6, -122.42)
(37.6, -122.43)
(37.6, -122.44)
(37.6, -122.45)
(37.6, -122.46)
(37.6, -122.47)
(37.6, -122.48)
(37.6, -122.49)
(37.6, -122.5)
(33.9, -118.01)
(33.9, -118.02)
(33.9, -118.03)
(33.9, -118.04)
(33.9, -118.05)
(33.9, -118.06)
(33.9, -118.07)
(33.9, -118.08)
(33.9, -118.09)
(33.9, -118.1)
(33.89, -118.01)
(33.89, -118.02)
(33.89, -118.03)
(33.89, -118.04)
(33.89, -118.05)
(33.89, -118.06)
(33.89, -118.07)
(33.89, -118.08)
(33.89, -118.09)
(33.89, -118.1)
(33.88, -118.01)
(33.88, -118.02)
(33.88, -118.03)
(33.88, -118.04)
(33.88, -118.05)
(33.88, -118.06)
(33.88, -118.07)
(33.88, -118.08)
(33.88, -118.09)
(33.88, -118.1)
(33.87, -118.01)
(33.87, -118.02)
(33.87, -118.03)
(33.87, -118.04)
(33.87, -118.05)
(33.87, -118.06)
(33.87, -118.07)
(33.87, -118.08)
(33.87, -118.09)
(33.87, -118.1)
(33.86, -118.01)
(33.86, -118.02)
(33.86, -118.03)
(33.86, -118.04)
(33.86, -118.05)
(33.86, -118.06)
(33.86, -118.07)
(33.86, -118.08)
(33.86, -118.09)
(33.86, -118.1)
(33.85, -118.01)
(33.85, -118.02)
(33.85, -118.03)
(33.85, -118.04)
(33.85, -118.05)
(33.85, -118.06)
(33.85, -118.07)
(33.85, -118.08)
(33.85, -118.09)
(33.85, -118.1)
(33.84, -118.01)
(33.84, -118.02)
(33.84, -118.03)
(33.84, -118.04)
(33.84, -118.05)
(33.84, -118.06)
(33.84, -118.07)
(33.84, -118.08)
(33.84, -118.09)
(33.84, -118.1)
(33.83, -118.01)
(33.83, -118.02)
(33.83, -118.03)
(33.83, -118.04)
(33.83, -118.05)
(33.83, -118.06)
(33.83, -118.07)
(33.83, -118.08)
(33.83, -118.09)
(33.83, -118.1)
(33.82, -118.01)
(33.82, -118.02)
(33.82, -118.03)
(33.82, -118.04)
(33.82, -118.05)
(33.82, -118.06)
(33.82, -118.07)
(33.82, -118.08)
(33.82, -118.09)
(33.82, -118.1)
(33.81, -118.01)
(33.81, -118.02)
(33.81, -118.03)
(33.81, -118.04)
(33.81, -118.05)
(33.81, -118.06)
(33.81, -118.07)
(33.81, -118.08)
(33.81, -118.09)
(33.81, -118.1)
(33.8, -118.01)
(33.8, -118.02)
(33.8, -118.03)
(33.8, -118.04)
(33.8, -118.05)
(33.8, -118.06)
(33.8, -118.07)
(33.8, -118.08)
(33.8, -118.09)
(33.8, -118.1)
(33.7, -117.91)
(33.7, -117.92)
(33.7, -117.93)
(33.7, -117.94)
(33.7, -117.95)
(33.7, -117.96)
(33.7, -117.97)
(33.7, -117.98)
(33.7, -117.99)
(33.7, -118.0)
(33.69, -117.91)
(33.69, -117.92)
(33.69, -117.93)
(33.69, -117.94)
(33.69, -117.95)
(33.69, -117.96)
(33.69, -117.97)
(33.69, -117.98)
(33.69, -117.99)
(33.69, -118.0)
(33.68, -117.91)
(33.68, -117.92)
(33.68, -117.93)
(33.68, -117.94)
(33.68, -117.95)
(33.68, -117.96)
(33.68, -117.97)
(33.68, -117.98)
(33.68, -117.99)
(33.68, -118.0)
(33.67, -117.91)
(33.67, -117.92)
(33.67, -117.93)
(33.67, -117.94)
(33.67, -117.95)
(33.67, -117.96)
(33.67, -117.97)
(33.67, -117.98)
(33.67, -117.99)
(33.67, -118.0)
(33.66, -117.91)
(33.66, -117.92)
(33.66, -117.93)
(33.66, -117.94)
(33.66, -117.95)
(33.66, -117.96)
(33.66, -117.97)
(33.66, -117.98)
(33.66, -117.99)
(33.66, -118.0)
(33.65, -117.91)
(33.65, -117.92)
(33.65, -117.93)
(33.65, -117.94)
(33.65, -117.95)
(33.65, -117.96)
(33.65, -117.97)
(33.65, -117.98)
(33.65, -117.99)
(33.65, -118.0)
(33.64, -117.91)
(33.64, -117.92)
(33.64, -117.93)
(33.64, -117.94)
(33.64, -117.95)
(33.64, -117.96)
(33.64, -117.97)
(33.64, -117.98)
(33.64, -117.99)
(33.64, -118.0)
(33.63, -117.91)
(33.63, -117.92)
(33.63, -117.93)
(33.63, -117.94)
(33.63, -117.95)
(33.63, -117.96)
(33.63, -117.97)
(33.63, -117.98)
(33.63, -117.99)
(33.63, -118.0)
(33.62, -117.91)
(33.62, -117.92)
(33.62, -117.93)
(33.62, -117.94)
(33.62, -117.95)
(33.62, -117.96)
(33.62, -117.97)
(33.62, -117.98)
(33.62, -117.99)
(33.62, -118.0)
(33.61, -117.91)
(33.61, -117.92)
(33.61, -117.93)
(33.61, -117.94)
(33.61, -117.95)
(33.61, -117.96)
(33.61, -117.97)
(33.61, -117.98)
(33.61, -117.99)
(33.61, -118.0)
(33.6, -117.91)
(33.6, -117.92)
(33.6, -117.93)
(33.6, -117.94)
(33.6, -117.95)
(33.6, -117.96)
(33.6, -117.97)
(33.6, -117.98)
(33.6, -117.99)
(33.6, -118.0)
(37.8, -122.31)
(37.8, -122.32)
(37.8, -122.33)
(37.8, -122.34)
(37.8, -122.35)
(37.8, -122.36)
(37.8, -122.37)
(37.8, -122.38)
(37.8, -122.39)
(37.8, -122.4)
(37.79, -122.31)
(37.79, -122.32)
(37.79, -122.33)
(37.79, -122.34)
(37.79, -122.35)
(37.79, -122.36)
(37.79, -122.37)
(37.79, -122.38)
(37.79, -122.39)
(37.79, -122.4)
(37.78, -122.31)
(37.78, -122.32)
(37.78, -122.33)
(37.78, -122.34)
(37.78, -122.35)
(37.78, -122.36)
(37.78, -122.37)
(37.78, -122.38)
(37.78, -122.39)
(37.78, -122.4)
(37.77, -122.31)
(37.77, -122.32)
(37.77, -122.33)
(37.77, -122.34)
(37.77, -122.35)
(37.77, -122.36)
(37.77, -122.37)
(37.77, -122.38)
(37.77, -122.39)
(37.77, -122.4)
(37.76, -122.31)
(37.76, -122.32)
(37.76, -122.33)
(37.76, -122.34)
(37.76, -122.35)
(37.76, -122.36)
(37.76, -122.37)
(37.76, -122.38)
(37.76, -122.39)
(37.76, -122.4)
(37.75, -122.31)
(37.75, -122.32)
(37.75, -122.33)
(37.75, -122.34)
(37.75, -122.35)
(37.75, -122.36)
(37.75, -122.37)
(37.75, -122.38)
(37.75, -122.39)
(37.75, -122.4)
(37.74, -122.31)
(37.74, -122.32)
(37.74, -122.33)
(37.74, -122.34)
(37.74, -122.35)
(37.74, -122.36)
(37.74, -122.37)
(37.74, -122.38)
(37.74, -122.39)
(37.74, -122.4)
(37.73, -122.31)
(37.73, -122.32)
(37.73, -122.33)
(37.73, -122.34)
(37.73, -122.35)
(37.73, -122.36)
(37.73, -122.37)
(37.73, -122.38)
(37.73, -122.39)
(37.73, -122.4)
(37.72, -122.31)
(37.72, -122.32)
(37.72, -122.33)
(37.72, -122.34)
(37.72, -122.35)
(37.72, -122.36)
(37.72, -122.37)
(37.72, -122.38)
(37.72, -122.39)
(37.72, -122.4)
(37.71, -122.31)
(37.71, -122.32)
(37.71, -122.33)
(37.71, -122.34)
(37.71, -122.35)
(37.71, -122.36)
(37.71, -122.37)
(37.71, -122.38)
(37.71, -122.39)
(37.71, -122.4)
(37.7, -122.31)
(37.7, -122.32)
(37.7, -122.33)
(37.7, -122.34)
(37.7, -122.35)
(37.7, -122.36)
(37.7, -122.37)
(37.7, -122.38)
(37.7, -122.39)
(37.7, -122.4)
(37.4, -122.01)
(37.4, -122.02)
(37.4, -122.03)
(37.4, -122.04)
(37.4, -122.05)
(37.4, -122.06)
(37.4, -122.07)
(37.4, -122.08)
(37.4, -122.09)
(37.4, -122.1)
(37.39, -122.01)
(37.39, -122.02)
(37.39, -122.03)
(37.39, -122.04)
(37.39, -122.05)
(37.39, -122.06)
(37.39, -122.07)
(37.39, -122.08)
(37.39, -122.09)
(37.39, -122.1)
(37.38, -122.01)
(37.38, -122.02)
(37.38, -122.03)
(37.38, -122.04)
(37.38, -122.05)
(37.38, -122.06)
(37.38, -122.07)
(37.38, -122.08)
(37.38, -122.09)
(37.38, -122.1)
(37.37, -122.01)
(37.37, -122.02)
(37.37, -122.03)
(37.37, -122.04)
(37.37, -122.05)
(37.37, -122.06)
(37.37, -122.07)
(37.37, -122.08)
(37.37, -122.09)
(37.37, -122.1)
(37.36, -122.01)
(37.36, -122.02)
(37.36, -122.03)
(37.36, -122.04)
(37.36, -122.05)
(37.36, -122.06)
(37.36, -122.07)
(37.36, -122.08)
(37.36, -122.09)
(37.36, -122.1)
(37.35, -122.01)
(37.35, -122.02)
(37.35, -122.03)
(37.35, -122.04)
(37.35, -122.05)
(37.35, -122.06)
(37.35, -122.07)
(37.35, -122.08)
(37.35, -122.09)
(37.35, -122.1)
(37.34, -122.01)
(37.34, -122.02)
(37.34, -122.03)
(37.34, -122.04)
(37.34, -122.05)
(37.34, -122.06)
(37.34, -122.07)
(37.34, -122.08)
(37.34, -122.09)
(37.34, -122.1)
(37.33, -122.01)
(37.33, -122.02)
(37.33, -122.03)
(37.33, -122.04)
(37.33, -122.05)
(37.33, -122.06)
(37.33, -122.07)
(37.33, -122.08)
(37.33, -122.09)
(37.33, -122.1)
(37.32, -122.01)
(37.32, -122.02)
(37.32, -122.03)
(37.32, -122.04)
(37.32, -122.05)
(37.32, -122.06)
(37.32, -122.07)
(37.32, -122.08)
(37.32, -122.09)
(37.32, -122.1)
(37.31, -122.01)
(37.31, -122.02)
(37.31, -122.03)
(37.31, -122.04)
(37.31, -122.05)
(37.31, -122.06)
(37.31, -122.07)
(37.31, -122.08)
(37.31, -122.09)
(37.31, -122.1)
(37.3, -122.01)
(37.3, -122.02)
(37.3, -122.03)
(37.3, -122.04)
(37.3, -122.05)
(37.3, -122.06)
(37.3, -122.07)
(37.3, -122.08)
(37.3, -122.09)
(37.3, -122.1)
(37.8, -122.21)
(37.8, -122.22)
(37.8, -122.23)
(37.8, -122.24)
(37.8, -122.25)
(37.8, -122.26)
(37.8, -122.27)
(37.8, -122.28)
(37.8, -122.29)
(37.8, -122.3)
(37.79, -122.21)
(37.79, -122.22)
(37.79, -122.23)
(37.79, -122.24)
(37.79, -122.25)
(37.79, -122.26)
(37.79, -122.27)
(37.79, -122.28)
(37.79, -122.29)
(37.79, -122.3)
(37.78, -122.21)
(37.78, -122.22)
(37.78, -122.23)
(37.78, -122.24)
(37.78, -122.25)
(37.78, -122.26)
(37.78, -122.27)
(37.78, -122.28)
(37.78, -122.29)
(37.78, -122.3)
(37.77, -122.21)
(37.77, -122.22)
(37.77, -122.23)
(37.77, -122.24)
(37.77, -122.25)
(37.77, -122.26)
(37.77, -122.27)
(37.77, -122.28)
(37.77, -122.29)
(37.77, -122.3)
(37.76, -122.21)
(37.76, -122.22)
(37.76, -122.23)
(37.76, -122.24)
(37.76, -122.25)
(37.76, -122.26)
(37.76, -122.27)
(37.76, -122.28)
(37.76, -122.29)
(37.76, -122.3)
(37.75, -122.21)
(37.75, -122.22)
(37.75, -122.23)
(37.75, -122.24)
(37.75, -122.25)
(37.75, -122.26)
(37.75, -122.27)
(37.75, -122.28)
(37.75, -122.29)
(37.75, -122.3)
(37.74, -122.21)
(37.74, -122.22)
(37.74, -122.23)
(37.74, -122.24)
(37.74, -122.25)
(37.74, -122.26)
(37.74, -122.27)
(37.74, -122.28)
(37.74, -122.29)
(37.74, -122.3)
(37.73, -122.21)
(37.73, -122.22)
(37.73, -122.23)
(37.73, -122.24)
(37.73, -122.25)
(37.73, -122.26)
(37.73, -122.27)
(37.73, -122.28)
(37.73, -122.29)
(37.73, -122.3)
(37.72, -122.21)
(37.72, -122.22)
(37.72, -122.23)
(37.72, -122.24)
(37.72, -122.25)
(37.72, -122.26)
(37.72, -122.27)
(37.72, -122.28)
(37.72, -122.29)
(37.72, -122.3)
(37.71, -122.21)
(37.71, -122.22)
(37.71, -122.23)
(37.71, -122.24)
(37.71, -122.25)
(37.71, -122.26)
(37.71, -122.27)
(37.71, -122.28)
(37.71, -122.29)
(37.71, -122.3)
(37.7, -122.21)
(37.7, -122.22)
(37.7, -122.23)
(37.7, -122.24)
(37.7, -122.25)
(37.7, -122.26)
(37.7, -122.27)
(37.7, -122.28)
(37.7, -122.29)
(37.7, -122.3)
(34.1, -118.11)
(34.1, -118.12)
(34.1, -118.13)
(34.1, -118.14)
(34.1, -118.15)
(34.1, -118.16)
(34.1, -118.17)
(34.1, -118.18)
(34.1, -118.19)
(34.1, -118.2)
(34.09, -118.11)
(34.09, -118.12)
(34.09, -118.13)
(34.09, -118.14)
(34.09, -118.15)
(34.09, -118.16)
(34.09, -118.17)
(34.09, -118.18)
(34.09, -118.19)
(34.09, -118.2)
(34.08, -118.11)
(34.08, -118.12)
(34.08, -118.13)
(34.08, -118.14)
(34.08, -118.15)
(34.08, -118.16)
(34.08, -118.17)
(34.08, -118.18)
(34.08, -118.19)
(34.08, -118.2)
(34.07, -118.11)
(34.07, -118.12)
(34.07, -118.13)
(34.07, -118.14)
(34.07, -118.15)
(34.07, -118.16)
(34.07, -118.17)
(34.07, -118.18)
(34.07, -118.19)
(34.07, -118.2)
(34.06, -118.11)
(34.06, -118.12)
(34.06, -118.13)
(34.06, -118.14)
(34.06, -118.15)
(34.06, -118.16)
(34.06, -118.17)
(34.06, -118.18)
(34.06, -118.19)
(34.06, -118.2)
(34.05, -118.11)
(34.05, -118.12)
(34.05, -118.13)
(34.05, -118.14)
(34.05, -118.15)
(34.05, -118.16)
(34.05, -118.17)
(34.05, -118.18)
(34.05, -118.19)
(34.05, -118.2)
(34.04, -118.11)
(34.04, -118.12)
(34.04, -118.13)
(34.04, -118.14)
(34.04, -118.15)
(34.04, -118.16)
(34.04, -118.17)
(34.04, -118.18)
(34.04, -118.19)
(34.04, -118.2)
(34.03, -118.11)
(34.03, -118.12)
(34.03, -118.13)
(34.03, -118.14)
(34.03, -118.15)
(34.03, -118.16)
(34.03, -118.17)
(34.03, -118.18)
(34.03, -118.19)
(34.03, -118.2)
(34.02, -118.11)
(34.02, -118.12)
(34.02, -118.13)
(34.02, -118.14)
(34.02, -118.15)
(34.02, -118.16)
(34.02, -118.17)
(34.02, -118.18)
(34.02, -118.19)
(34.02, -118.2)
(34.01, -118.11)
(34.01, -118.12)
(34.01, -118.13)
(34.01, -118.14)
(34.01, -118.15)
(34.01, -118.16)
(34.01, -118.17)
(34.01, -118.18)
(34.01, -118.19)
(34.01, -118.2)
(34.0, -118.11)
(34.0, -118.12)
(34.0, -118.13)
(34.0, -118.14)
(34.0, -118.15)
(34.0, -118.16)
(34.0, -118.17)
(34.0, -118.18)
(34.0, -118.19)
(34.0, -118.2)
(33.7, -117.81)
(33.7, -117.82)
(33.7, -117.83)
(33.7, -117.84)
(33.7, -117.85)
(33.7, -117.86)
(33.7, -117.87)
(33.7, -117.88)
(33.7, -117.89)
(33.7, -117.9)
(33.69, -117.81)
(33.69, -117.82)
(33.69, -117.83)
(33.69, -117.84)
(33.69, -117.85)
(33.69, -117.86)
(33.69, -117.87)
(33.69, -117.88)
(33.69, -117.89)
(33.69, -117.9)
(33.68, -117.81)
(33.68, -117.82)
(33.68, -117.83)
(33.68, -117.84)
(33.68, -117.85)
(33.68, -117.86)
(33.68, -117.87)
(33.68, -117.88)
(33.68, -117.89)
(33.68, -117.9)
(33.67, -117.81)
(33.67, -117.82)
(33.67, -117.83)
(33.67, -117.84)
(33.67, -117.85)
(33.67, -117.86)
(33.67, -117.87)
(33.67, -117.88)
(33.67, -117.89)
(33.67, -117.9)
(33.66, -117.81)
(33.66, -117.82)
(33.66, -117.83)
(33.66, -117.84)
(33.66, -117.85)
(33.66, -117.86)
(33.66, -117.87)
(33.66, -117.88)
(33.66, -117.89)
(33.66, -117.9)
(33.65, -117.81)
(33.65, -117.82)
(33.65, -117.83)
(33.65, -117.84)
(33.65, -117.85)
(33.65, -117.86)
(33.65, -117.87)
(33.65, -117.88)
(33.65, -117.89)
(33.65, -117.9)
(33.64, -117.81)
(33.64, -117.82)
(33.64, -117.83)
(33.64, -117.84)
(33.64, -117.85)
(33.64, -117.86)
(33.64, -117.87)
(33.64, -117.88)
(33.64, -117.89)
(33.64, -117.9)
(33.63, -117.81)
(33.63, -117.82)
(33.63, -117.83)
(33.63, -117.84)
(33.63, -117.85)
(33.63, -117.86)
(33.63, -117.87)
(33.63, -117.88)
(33.63, -117.89)
(33.63, -117.9)
(33.62, -117.81)
(33.62, -117.82)
(33.62, -117.83)
(33.62, -117.84)
(33.62, -117.85)
(33.62, -117.86)
(33.62, -117.87)
(33.62, -117.88)
(33.62, -117.89)
(33.62, -117.9)
(33.61, -117.81)
(33.61, -117.82)
(33.61, -117.83)
(33.61, -117.84)
(33.61, -117.85)
(33.61, -117.86)
(33.61, -117.87)
(33.61, -117.88)
(33.61, -117.89)
(33.61, -117.9)
(33.6, -117.81)
(33.6, -117.82)
(33.6, -117.83)
(33.6, -117.84)
(33.6, -117.85)
(33.6, -117.86)
(33.6, -117.87)
(33.6, -117.88)
(33.6, -117.89)
(33.6, -117.9)
(34.0, -118.31)
(34.0, -118.32)
(34.0, -118.33)
(34.0, -118.34)
(34.0, -118.35)
(34.0, -118.36)
(34.0, -118.37)
(34.0, -118.38)
(34.0, -118.39)
(34.0, -118.4)
(33.99, -118.31)
(33.99, -118.32)
(33.99, -118.33)
(33.99, -118.34)
(33.99, -118.35)
(33.99, -118.36)
(33.99, -118.37)
(33.99, -118.38)
(33.99, -118.39)
(33.99, -118.4)
(33.98, -118.31)
(33.98, -118.32)
(33.98, -118.33)
(33.98, -118.34)
(33.98, -118.35)
(33.98, -118.36)
(33.98, -118.37)
(33.98, -118.38)
(33.98, -118.39)
(33.98, -118.4)
(33.97, -118.31)
(33.97, -118.32)
(33.97, -118.33)
(33.97, -118.34)
(33.97, -118.35)
(33.97, -118.36)
(33.97, -118.37)
(33.97, -118.38)
(33.97, -118.39)
(33.97, -118.4)
(33.96, -118.31)
(33.96, -118.32)
(33.96, -118.33)
(33.96, -118.34)
(33.96, -118.35)
(33.96, -118.36)
(33.96, -118.37)
(33.96, -118.38)
(33.96, -118.39)
(33.96, -118.4)
(33.95, -118.31)
(33.95, -118.32)
(33.95, -118.33)
(33.95, -118.34)
(33.95, -118.35)
(33.95, -118.36)
(33.95, -118.37)
(33.95, -118.38)
(33.95, -118.39)
(33.95, -118.4)
(33.94, -118.31)
(33.94, -118.32)
(33.94, -118.33)
(33.94, -118.34)
(33.94, -118.35)
(33.94, -118.36)
(33.94, -118.37)
(33.94, -118.38)
(33.94, -118.39)
(33.94, -118.4)
(33.93, -118.31)
(33.93, -118.32)
(33.93, -118.33)
(33.93, -118.34)
(33.93, -118.35)
(33.93, -118.36)
(33.93, -118.37)
(33.93, -118.38)
(33.93, -118.39)
(33.93, -118.4)
(33.92, -118.31)
(33.92, -118.32)
(33.92, -118.33)
(33.92, -118.34)
(33.92, -118.35)
(33.92, -118.36)
(33.92, -118.37)
(33.92, -118.38)
(33.92, -118.39)
(33.92, -118.4)
(33.91, -118.31)
(33.91, -118.32)
(33.91, -118.33)
(33.91, -118.34)
(33.91, -118.35)
(33.91, -118.36)
(33.91, -118.37)
(33.91, -118.38)
(33.91, -118.39)
(33.91, -118.4)
(33.9, -118.31)
(33.9, -118.32)
(33.9, -118.33)
(33.9, -118.34)
(33.9, -118.35)
(33.9, -118.36)
(33.9, -118.37)
(33.9, -118.38)
(33.9, -118.39)
(33.9, -118.4)
(33.8, -118.11)
(33.8, -118.12)
(33.8, -118.13)
(33.8, -118.14)
(33.8, -118.15)
(33.8, -118.16)
(33.8, -118.17)
(33.8, -118.18)
(33.8, -118.19)
(33.8, -118.2)
(33.79, -118.11)
(33.79, -118.12)
(33.79, -118.13)
(33.79, -118.14)
(33.79, -118.15)
(33.79, -118.16)
(33.79, -118.17)
(33.79, -118.18)
(33.79, -118.19)
(33.79, -118.2)
(33.78, -118.11)
(33.78, -118.12)
(33.78, -118.13)
(33.78, -118.14)
(33.78, -118.15)
(33.78, -118.16)
(33.78, -118.17)
(33.78, -118.18)
(33.78, -118.19)
(33.78, -118.2)
(33.77, -118.11)
(33.77, -118.12)
(33.77, -118.13)
(33.77, -118.14)
(33.77, -118.15)
(33.77, -118.16)
(33.77, -118.17)
(33.77, -118.18)
(33.77, -118.19)
(33.77, -118.2)
(33.76, -118.11)
(33.76, -118.12)
(33.76, -118.13)
(33.76, -118.14)
(33.76, -118.15)
(33.76, -118.16)
(33.76, -118.17)
(33.76, -118.18)
(33.76, -118.19)
(33.76, -118.2)
(33.75, -118.11)
(33.75, -118.12)
(33.75, -118.13)
(33.75, -118.14)
(33.75, -118.15)
(33.75, -118.16)
(33.75, -118.17)
(33.75, -118.18)
(33.75, -118.19)
(33.75, -118.2)
(33.74, -118.11)
(33.74, -118.12)
(33.74, -118.13)
(33.74, -118.14)
(33.74, -118.15)
(33.74, -118.16)
(33.74, -118.17)
(33.74, -118.18)
(33.74, -118.19)
(33.74, -118.2)
(33.73, -118.11)
(33.73, -118.12)
(33.73, -118.13)
(33.73, -118.14)
(33.73, -118.15)
(33.73, -118.16)
(33.73, -118.17)
(33.73, -118.18)
(33.73, -118.19)
(33.73, -118.2)
(33.72, -118.11)
(33.72, -118.12)
(33.72, -118.13)
(33.72, -118.14)
(33.72, -118.15)
(33.72, -118.16)
(33.72, -118.17)
(33.72, -118.18)
(33.72, -118.19)
(33.72, -118.2)
(33.71, -118.11)
(33.71, -118.12)
(33.71, -118.13)
(33.71, -118.14)
(33.71, -118.15)
(33.71, -118.16)
(33.71, -118.17)
(33.71, -118.18)
(33.71, -118.19)
(33.71, -118.2)
(33.7, -118.11)
(33.7, -118.12)
(33.7, -118.13)
(33.7, -118.14)
(33.7, -118.15)
(33.7, -118.16)
(33.7, -118.17)
(33.7, -118.18)
(33.7, -118.19)
(33.7, -118.2)
(34.2, -118.11)
(34.2, -118.12)
(34.2, -118.13)
(34.2, -118.14)
(34.2, -118.15)
(34.2, -118.16)
(34.2, -118.17)
(34.2, -118.18)
(34.2, -118.19)
(34.2, -118.2)
(34.19, -118.11)
(34.19, -118.12)
(34.19, -118.13)
(34.19, -118.14)
(34.19, -118.15)
(34.19, -118.16)
(34.19, -118.17)
(34.19, -118.18)
(34.19, -118.19)
(34.19, -118.2)
(34.18, -118.11)
(34.18, -118.12)
(34.18, -118.13)
(34.18, -118.14)
(34.18, -118.15)
(34.18, -118.16)
(34.18, -118.17)
(34.18, -118.18)
(34.18, -118.19)
(34.18, -118.2)
(34.17, -118.11)
(34.17, -118.12)
(34.17, -118.13)
(34.17, -118.14)
(34.17, -118.15)
(34.17, -118.16)
(34.17, -118.17)
(34.17, -118.18)
(34.17, -118.19)
(34.17, -118.2)
(34.16, -118.11)
(34.16, -118.12)
(34.16, -118.13)
(34.16, -118.14)
(34.16, -118.15)
(34.16, -118.16)
(34.16, -118.17)
(34.16, -118.18)
(34.16, -118.19)
(34.16, -118.2)
(34.15, -118.11)
(34.15, -118.12)
(34.15, -118.13)
(34.15, -118.14)
(34.15, -118.15)
(34.15, -118.16)
(34.15, -118.17)
(34.15, -118.18)
(34.15, -118.19)
(34.15, -118.2)
(34.14, -118.11)
(34.14, -118.12)
(34.14, -118.13)
(34.14, -118.14)
(34.14, -118.15)
(34.14, -118.16)
(34.14, -118.17)
(34.14, -118.18)
(34.14, -118.19)
(34.14, -118.2)
(34.13, -118.11)
(34.13, -118.12)
(34.13, -118.13)
(34.13, -118.14)
(34.13, -118.15)
(34.13, -118.16)
(34.13, -118.17)
(34.13, -118.18)
(34.13, -118.19)
(34.13, -118.2)
(34.12, -118.11)
(34.12, -118.12)
(34.12, -118.13)
(34.12, -118.14)
(34.12, -118.15)
(34.12, -118.16)
(34.12, -118.17)
(34.12, -118.18)
(34.12, -118.19)
(34.12, -118.2)
(34.11, -118.11)
(34.11, -118.12)
(34.11, -118.13)
(34.11, -118.14)
(34.11, -118.15)
(34.11, -118.16)
(34.11, -118.17)
(34.11, -118.18)
(34.11, -118.19)
(34.11, -118.2)
(34.1, -118.11)
(34.1, -118.12)
(34.1, -118.13)
(34.1, -118.14)
(34.1, -118.15)
(34.1, -118.16)
(34.1, -118.17)
(34.1, -118.18)
(34.1, -118.19)
(34.1, -118.2)
(33.8, -117.81)
(33.8, -117.82)
(33.8, -117.83)
(33.8, -117.84)
(33.8, -117.85)
(33.8, -117.86)
(33.8, -117.87)
(33.8, -117.88)
(33.8, -117.89)
(33.8, -117.9)
(33.79, -117.81)
(33.79, -117.82)
(33.79, -117.83)
(33.79, -117.84)
(33.79, -117.85)
(33.79, -117.86)
(33.79, -117.87)
(33.79, -117.88)
(33.79, -117.89)
(33.79, -117.9)
(33.78, -117.81)
(33.78, -117.82)
(33.78, -117.83)
(33.78, -117.84)
(33.78, -117.85)
(33.78, -117.86)
(33.78, -117.87)
(33.78, -117.88)
(33.78, -117.89)
(33.78, -117.9)
(33.77, -117.81)
(33.77, -117.82)
(33.77, -117.83)
(33.77, -117.84)
(33.77, -117.85)
(33.77, -117.86)
(33.77, -117.87)
(33.77, -117.88)
(33.77, -117.89)
(33.77, -117.9)
(33.76, -117.81)
(33.76, -117.82)
(33.76, -117.83)
(33.76, -117.84)
(33.76, -117.85)
(33.76, -117.86)
(33.76, -117.87)
(33.76, -117.88)
(33.76, -117.89)
(33.76, -117.9)
(33.75, -117.81)
(33.75, -117.82)
(33.75, -117.83)
(33.75, -117.84)
(33.75, -117.85)
(33.75, -117.86)
(33.75, -117.87)
(33.75, -117.88)
(33.75, -117.89)
(33.75, -117.9)
(33.74, -117.81)
(33.74, -117.82)
(33.74, -117.83)
(33.74, -117.84)
(33.74, -117.85)
(33.74, -117.86)
(33.74, -117.87)
(33.74, -117.88)
(33.74, -117.89)
(33.74, -117.9)
(33.73, -117.81)
(33.73, -117.82)
(33.73, -117.83)
(33.73, -117.84)
(33.73, -117.85)
(33.73, -117.86)
(33.73, -117.87)
(33.73, -117.88)
(33.73, -117.89)
(33.73, -117.9)
(33.72, -117.81)
(33.72, -117.82)
(33.72, -117.83)
(33.72, -117.84)
(33.72, -117.85)
(33.72, -117.86)
(33.72, -117.87)
(33.72, -117.88)
(33.72, -117.89)
(33.72, -117.9)
(33.71, -117.81)
(33.71, -117.82)
(33.71, -117.83)
(33.71, -117.84)
(33.71, -117.85)
(33.71, -117.86)
(33.71, -117.87)
(33.71, -117.88)
(33.71, -117.89)
(33.71, -117.9)
(33.7, -117.81)
(33.7, -117.82)
(33.7, -117.83)
(33.7, -117.84)
(33.7, -117.85)
(33.7, -117.86)
(33.7, -117.87)
(33.7, -117.88)
(33.7, -117.89)
(33.7, -117.9)
(34.2, -118.21)
(34.2, -118.22)
(34.2, -118.23)
(34.2, -118.24)
(34.2, -118.25)
(34.2, -118.26)
(34.2, -118.27)
(34.2, -118.28)
(34.2, -118.29)
(34.2, -118.3)
(34.19, -118.21)
(34.19, -118.22)
(34.19, -118.23)
(34.19, -118.24)
(34.19, -118.25)
(34.19, -118.26)
(34.19, -118.27)
(34.19, -118.28)
(34.19, -118.29)
(34.19, -118.3)
(34.18, -118.21)
(34.18, -118.22)
(34.18, -118.23)
(34.18, -118.24)
(34.18, -118.25)
(34.18, -118.26)
(34.18, -118.27)
(34.18, -118.28)
(34.18, -118.29)
(34.18, -118.3)
(34.17, -118.21)
(34.17, -118.22)
(34.17, -118.23)
(34.17, -118.24)
(34.17, -118.25)
(34.17, -118.26)
(34.17, -118.27)
(34.17, -118.28)
(34.17, -118.29)
(34.17, -118.3)
(34.16, -118.21)
(34.16, -118.22)
(34.16, -118.23)
(34.16, -118.24)
(34.16, -118.25)
(34.16, -118.26)
(34.16, -118.27)
(34.16, -118.28)
(34.16, -118.29)
(34.16, -118.3)
(34.15, -118.21)
(34.15, -118.22)
(34.15, -118.23)
(34.15, -118.24)
(34.15, -118.25)
(34.15, -118.26)
(34.15, -118.27)
(34.15, -118.28)
(34.15, -118.29)
(34.15, -118.3)
(34.14, -118.21)
(34.14, -118.22)
(34.14, -118.23)
(34.14, -118.24)
(34.14, -118.25)
(34.14, -118.26)
(34.14, -118.27)
(34.14, -118.28)
(34.14, -118.29)
(34.14, -118.3)
(34.13, -118.21)
(34.13, -118.22)
(34.13, -118.23)
(34.13, -118.24)
(34.13, -118.25)
(34.13, -118.26)
(34.13, -118.27)
(34.13, -118.28)
(34.13, -118.29)
(34.13, -118.3)
(34.12, -118.21)
(34.12, -118.22)
(34.12, -118.23)
(34.12, -118.24)
(34.12, -118.25)
(34.12, -118.26)
(34.12, -118.27)
(34.12, -118.28)
(34.12, -118.29)
(34.12, -118.3)
(34.11, -118.21)
(34.11, -118.22)
(34.11, -118.23)
(34.11, -118.24)
(34.11, -118.25)
(34.11, -118.26)
(34.11, -118.27)
(34.11, -118.28)
(34.11, -118.29)
(34.11, -118.3)
(34.1, -118.21)
(34.1, -118.22)
(34.1, -118.23)
(34.1, -118.24)
(34.1, -118.25)
(34.1, -118.26)
(34.1, -118.27)
(34.1, -118.28)
(34.1, -118.29)
(34.1, -118.3)
(33.9, -117.91)
(33.9, -117.92)
(33.9, -117.93)
(33.9, -117.94)
(33.9, -117.95)
(33.9, -117.96)
(33.9, -117.97)
(33.9, -117.98)
(33.9, -117.99)
(33.9, -118.0)
(33.89, -117.91)
(33.89, -117.92)
(33.89, -117.93)
(33.89, -117.94)
(33.89, -117.95)
(33.89, -117.96)
(33.89, -117.97)
(33.89, -117.98)
(33.89, -117.99)
(33.89, -118.0)
(33.88, -117.91)
(33.88, -117.92)
(33.88, -117.93)
(33.88, -117.94)
(33.88, -117.95)
(33.88, -117.96)
(33.88, -117.97)
(33.88, -117.98)
(33.88, -117.99)
(33.88, -118.0)
(33.87, -117.91)
(33.87, -117.92)
(33.87, -117.93)
(33.87, -117.94)
(33.87, -117.95)
(33.87, -117.96)
(33.87, -117.97)
(33.87, -117.98)
(33.87, -117.99)
(33.87, -118.0)
(33.86, -117.91)
(33.86, -117.92)
(33.86, -117.93)
(33.86, -117.94)
(33.86, -117.95)
(33.86, -117.96)
(33.86, -117.97)
(33.86, -117.98)
(33.86, -117.99)
(33.86, -118.0)
(33.85, -117.91)
(33.85, -117.92)
(33.85, -117.93)
(33.85, -117.94)
(33.85, -117.95)
(33.85, -117.96)
(33.85, -117.97)
(33.85, -117.98)
(33.85, -117.99)
(33.85, -118.0)
(33.84, -117.91)
(33.84, -117.92)
(33.84, -117.93)
(33.84, -117.94)
(33.84, -117.95)
(33.84, -117.96)
(33.84, -117.97)
(33.84, -117.98)
(33.84, -117.99)
(33.84, -118.0)
(33.83, -117.91)
(33.83, -117.92)
(33.83, -117.93)
(33.83, -117.94)
(33.83, -117.95)
(33.83, -117.96)
(33.83, -117.97)
(33.83, -117.98)
(33.83, -117.99)
(33.83, -118.0)
(33.82, -117.91)
(33.82, -117.92)
(33.82, -117.93)
(33.82, -117.94)
(33.82, -117.95)
(33.82, -117.96)
(33.82, -117.97)
(33.82, -117.98)
(33.82, -117.99)
(33.82, -118.0)
(33.81, -117.91)
(33.81, -117.92)
(33.81, -117.93)
(33.81, -117.94)
(33.81, -117.95)
(33.81, -117.96)
(33.81, -117.97)
(33.81, -117.98)
(33.81, -117.99)
(33.81, -118.0)
(33.8, -117.91)
(33.8, -117.92)
(33.8, -117.93)
(33.8, -117.94)
(33.8, -117.95)
(33.8, -117.96)
(33.8, -117.97)
(33.8, -117.98)
(33.8, -117.99)
(33.8, -118.0)
(38.6, -121.41)
(38.6, -121.42)
(38.6, -121.43)
(38.6, -121.44)
(38.6, -121.45)
(38.6, -121.46)
(38.6, -121.47)
(38.6, -121.48)
(38.6, -121.49)
(38.6, -121.5)
(38.59, -121.41)
(38.59, -121.42)
(38.59, -121.43)
(38.59, -121.44)
(38.59, -121.45)
(38.59, -121.46)
(38.59, -121.47)
(38.59, -121.48)
(38.59, -121.49)
(38.59, -121.5)
(38.58, -121.41)
(38.58, -121.42)
(38.58, -121.43)
(38.58, -121.44)
(38.58, -121.45)
(38.58, -121.46)
(38.58, -121.47)
(38.58, -121.48)
(38.58, -121.49)
(38.58, -121.5)
(38.57, -121.41)
(38.57, -121.42)
(38.57, -121.43)
(38.57, -121.44)
(38.57, -121.45)
(38.57, -121.46)
(38.57, -121.47)
(38.57, -121.48)
(38.57, -121.49)
(38.57, -121.5)
(38.56, -121.41)
(38.56, -121.42)
(38.56, -121.43)
(38.56, -121.44)
(38.56, -121.45)
(38.56, -121.46)
(38.56, -121.47)
(38.56, -121.48)
(38.56, -121.49)
(38.56, -121.5)
(38.55, -121.41)
(38.55, -121.42)
(38.55, -121.43)
(38.55, -121.44)
(38.55, -121.45)
(38.55, -121.46)
(38.55, -121.47)
(38.55, -121.48)
(38.55, -121.49)
(38.55, -121.5)
(38.54, -121.41)
(38.54, -121.42)
(38.54, -121.43)
(38.54, -121.44)
(38.54, -121.45)
(38.54, -121.46)
(38.54, -121.47)
(38.54, -121.48)
(38.54, -121.49)
(38.54, -121.5)
(38.53, -121.41)
(38.53, -121.42)
(38.53, -121.43)
(38.53, -121.44)
(38.53, -121.45)
(38.53, -121.46)
(38.53, -121.47)
(38.53, -121.48)
(38.53, -121.49)
(38.53, -121.5)
(38.52, -121.41)
(38.52, -121.42)
(38.52, -121.43)
(38.52, -121.44)
(38.52, -121.45)
(38.52, -121.46)
(38.52, -121.47)
(38.52, -121.48)
(38.52, -121.49)
(38.52, -121.5)
(38.51, -121.41)
(38.51, -121.42)
(38.51, -121.43)
(38.51, -121.44)
(38.51, -121.45)
(38.51, -121.46)
(38.51, -121.47)
(38.51, -121.48)
(38.51, -121.49)
(38.51, -121.5)
(38.5, -121.41)
(38.5, -121.42)
(38.5, -121.43)
(38.5, -121.44)
(38.5, -121.45)
(38.5, -121.46)
(38.5, -121.47)
(38.5, -121.48)
(38.5, -121.49)
(38.5, -121.5)
(33.8, -117.91)
(33.8, -117.92)
(33.8, -117.93)
(33.8, -117.94)
(33.8, -117.95)
(33.8, -117.96)
(33.8, -117.97)
(33.8, -117.98)
(33.8, -117.99)
(33.8, -118.0)
(33.79, -117.91)
(33.79, -117.92)
(33.79, -117.93)
(33.79, -117.94)
(33.79, -117.95)
(33.79, -117.96)
(33.79, -117.97)
(33.79, -117.98)
(33.79, -117.99)
(33.79, -118.0)
(33.78, -117.91)
(33.78, -117.92)
(33.78, -117.93)
(33.78, -117.94)
(33.78, -117.95)
(33.78, -117.96)
(33.78, -117.97)
(33.78, -117.98)
(33.78, -117.99)
(33.78, -118.0)
(33.77, -117.91)
(33.77, -117.92)
(33.77, -117.93)
(33.77, -117.94)
(33.77, -117.95)
(33.77, -117.96)
(33.77, -117.97)
(33.77, -117.98)
(33.77, -117.99)
(33.77, -118.0)
(33.76, -117.91)
(33.76, -117.92)
(33.76, -117.93)
(33.76, -117.94)
(33.76, -117.95)
(33.76, -117.96)
(33.76, -117.97)
(33.76, -117.98)
(33.76, -117.99)
(33.76, -118.0)
(33.75, -117.91)
(33.75, -117.92)
(33.75, -117.93)
(33.75, -117.94)
(33.75, -117.95)
(33.75, -117.96)
(33.75, -117.97)
(33.75, -117.98)
(33.75, -117.99)
(33.75, -118.0)
(33.74, -117.91)
(33.74, -117.92)
(33.74, -117.93)
(33.74, -117.94)
(33.74, -117.95)
(33.74, -117.96)
(33.74, -117.97)
(33.74, -117.98)
(33.74, -117.99)
(33.74, -118.0)
(33.73, -117.91)
(33.73, -117.92)
(33.73, -117.93)
(33.73, -117.94)
(33.73, -117.95)
(33.73, -117.96)
(33.73, -117.97)
(33.73, -117.98)
(33.73, -117.99)
(33.73, -118.0)
(33.72, -117.91)
(33.72, -117.92)
(33.72, -117.93)
(33.72, -117.94)
(33.72, -117.95)
(33.72, -117.96)
(33.72, -117.97)
(33.72, -117.98)
(33.72, -117.99)
(33.72, -118.0)
(33.71, -117.91)
(33.71, -117.92)
(33.71, -117.93)
(33.71, -117.94)
(33.71, -117.95)
(33.71, -117.96)
(33.71, -117.97)
(33.71, -117.98)
(33.71, -117.99)
(33.71, -118.0)
(33.7, -117.91)
(33.7, -117.92)
(33.7, -117.93)
(33.7, -117.94)
(33.7, -117.95)
(33.7, -117.96)
(33.7, -117.97)
(33.7, -117.98)
(33.7, -117.99)
(33.7, -118.0)
(37.4, -121.91)
(37.4, -121.92)
(37.4, -121.93)
(37.4, -121.94)
(37.4, -121.95)
(37.4, -121.96)
(37.4, -121.97)
(37.4, -121.98)
(37.4, -121.99)
(37.4, -122.0)
(37.39, -121.91)
(37.39, -121.92)
(37.39, -121.93)
(37.39, -121.94)
(37.39, -121.95)
(37.39, -121.96)
(37.39, -121.97)
(37.39, -121.98)
(37.39, -121.99)
(37.39, -122.0)
(37.38, -121.91)
(37.38, -121.92)
(37.38, -121.93)
(37.38, -121.94)
(37.38, -121.95)
(37.38, -121.96)
(37.38, -121.97)
(37.38, -121.98)
(37.38, -121.99)
(37.38, -122.0)
(37.37, -121.91)
(37.37, -121.92)
(37.37, -121.93)
(37.37, -121.94)
(37.37, -121.95)
(37.37, -121.96)
(37.37, -121.97)
(37.37, -121.98)
(37.37, -121.99)
(37.37, -122.0)
(37.36, -121.91)
(37.36, -121.92)
(37.36, -121.93)
(37.36, -121.94)
(37.36, -121.95)
(37.36, -121.96)
(37.36, -121.97)
(37.36, -121.98)
(37.36, -121.99)
(37.36, -122.0)
(37.35, -121.91)
(37.35, -121.92)
(37.35, -121.93)
(37.35, -121.94)
(37.35, -121.95)
(37.35, -121.96)
(37.35, -121.97)
(37.35, -121.98)
(37.35, -121.99)
(37.35, -122.0)
(37.34, -121.91)
(37.34, -121.92)
(37.34, -121.93)
(37.34, -121.94)
(37.34, -121.95)
(37.34, -121.96)
(37.34, -121.97)
(37.34, -121.98)
(37.34, -121.99)
(37.34, -122.0)
(37.33, -121.91)
(37.33, -121.92)
(37.33, -121.93)
(37.33, -121.94)
(37.33, -121.95)
(37.33, -121.96)
(37.33, -121.97)
(37.33, -121.98)
(37.33, -121.99)
(37.33, -122.0)
(37.32, -121.91)
(37.32, -121.92)
(37.32, -121.93)
(37.32, -121.94)
(37.32, -121.95)
(37.32, -121.96)
(37.32, -121.97)
(37.32, -121.98)
(37.32, -121.99)
(37.32, -122.0)
(37.31, -121.91)
(37.31, -121.92)
(37.31, -121.93)
(37.31, -121.94)
(37.31, -121.95)
(37.31, -121.96)
(37.31, -121.97)
(37.31, -121.98)
(37.31, -121.99)
(37.31, -122.0)
(37.3, -121.91)
(37.3, -121.92)
(37.3, -121.93)
(37.3, -121.94)
(37.3, -121.95)
(37.3, -121.96)
(37.3, -121.97)
(37.3, -121.98)
(37.3, -121.99)
(37.3, -122.0)
(37.4, -121.81)
(37.4, -121.82)
(37.4, -121.83)
(37.4, -121.84)
(37.4, -121.85)
(37.4, -121.86)
(37.4, -121.87)
(37.4, -121.88)
(37.4, -121.89)
(37.4, -121.9)
(37.39, -121.81)
(37.39, -121.82)
(37.39, -121.83)
(37.39, -121.84)
(37.39, -121.85)
(37.39, -121.86)
(37.39, -121.87)
(37.39, -121.88)
(37.39, -121.89)
(37.39, -121.9)
(37.38, -121.81)
(37.38, -121.82)
(37.38, -121.83)
(37.38, -121.84)
(37.38, -121.85)
(37.38, -121.86)
(37.38, -121.87)
(37.38, -121.88)
(37.38, -121.89)
(37.38, -121.9)
(37.37, -121.81)
(37.37, -121.82)
(37.37, -121.83)
(37.37, -121.84)
(37.37, -121.85)
(37.37, -121.86)
(37.37, -121.87)
(37.37, -121.88)
(37.37, -121.89)
(37.37, -121.9)
(37.36, -121.81)
(37.36, -121.82)
(37.36, -121.83)
(37.36, -121.84)
(37.36, -121.85)
(37.36, -121.86)
(37.36, -121.87)
(37.36, -121.88)
(37.36, -121.89)
(37.36, -121.9)
(37.35, -121.81)
(37.35, -121.82)
(37.35, -121.83)
(37.35, -121.84)
(37.35, -121.85)
(37.35, -121.86)
(37.35, -121.87)
(37.35, -121.88)
(37.35, -121.89)
(37.35, -121.9)
(37.34, -121.81)
(37.34, -121.82)
(37.34, -121.83)
(37.34, -121.84)
(37.34, -121.85)
(37.34, -121.86)
(37.34, -121.87)
(37.34, -121.88)
(37.34, -121.89)
(37.34, -121.9)
(37.33, -121.81)
(37.33, -121.82)
(37.33, -121.83)
(37.33, -121.84)
(37.33, -121.85)
(37.33, -121.86)
(37.33, -121.87)
(37.33, -121.88)
(37.33, -121.89)
(37.33, -121.9)
(37.32, -121.81)
(37.32, -121.82)
(37.32, -121.83)
(37.32, -121.84)
(37.32, -121.85)
(37.32, -121.86)
(37.32, -121.87)
(37.32, -121.88)
(37.32, -121.89)
(37.32, -121.9)
(37.31, -121.81)
(37.31, -121.82)
(37.31, -121.83)
(37.31, -121.84)
(37.31, -121.85)
(37.31, -121.86)
(37.31, -121.87)
(37.31, -121.88)
(37.31, -121.89)
(37.31, -121.9)
(37.3, -121.81)
(37.3, -121.82)
(37.3, -121.83)
(37.3, -121.84)
(37.3, -121.85)
(37.3, -121.86)
(37.3, -121.87)
(37.3, -121.88)
(37.3, -121.89)
(37.3, -121.9)
(33.9, -118.31)
(33.9, -118.32)
(33.9, -118.33)
(33.9, -118.34)
(33.9, -118.35)
(33.9, -118.36)
(33.9, -118.37)
(33.9, -118.38)
(33.9, -118.39)
(33.9, -118.4)
(33.89, -118.31)
(33.89, -118.32)
(33.89, -118.33)
(33.89, -118.34)
(33.89, -118.35)
(33.89, -118.36)
(33.89, -118.37)
(33.89, -118.38)
(33.89, -118.39)
(33.89, -118.4)
(33.88, -118.31)
(33.88, -118.32)
(33.88, -118.33)
(33.88, -118.34)
(33.88, -118.35)
(33.88, -118.36)
(33.88, -118.37)
(33.88, -118.38)
(33.88, -118.39)
(33.88, -118.4)
(33.87, -118.31)
(33.87, -118.32)
(33.87, -118.33)
(33.87, -118.34)
(33.87, -118.35)
(33.87, -118.36)
(33.87, -118.37)
(33.87, -118.38)
(33.87, -118.39)
(33.87, -118.4)
(33.86, -118.31)
(33.86, -118.32)
(33.86, -118.33)
(33.86, -118.34)
(33.86, -118.35)
(33.86, -118.36)
(33.86, -118.37)
(33.86, -118.38)
(33.86, -118.39)
(33.86, -118.4)
(33.85, -118.31)
(33.85, -118.32)
(33.85, -118.33)
(33.85, -118.34)
(33.85, -118.35)
(33.85, -118.36)
(33.85, -118.37)
(33.85, -118.38)
(33.85, -118.39)
(33.85, -118.4)
(33.84, -118.31)
(33.84, -118.32)
(33.84, -118.33)
(33.84, -118.34)
(33.84, -118.35)
(33.84, -118.36)
(33.84, -118.37)
(33.84, -118.38)
(33.84, -118.39)
(33.84, -118.4)
(33.83, -118.31)
(33.83, -118.32)
(33.83, -118.33)
(33.83, -118.34)
(33.83, -118.35)
(33.83, -118.36)
(33.83, -118.37)
(33.83, -118.38)
(33.83, -118.39)
(33.83, -118.4)
(33.82, -118.31)
(33.82, -118.32)
(33.82, -118.33)
(33.82, -118.34)
(33.82, -118.35)
(33.82, -118.36)
(33.82, -118.37)
(33.82, -118.38)
(33.82, -118.39)
(33.82, -118.4)
(33.81, -118.31)
(33.81, -118.32)
(33.81, -118.33)
(33.81, -118.34)
(33.81, -118.35)
(33.81, -118.36)
(33.81, -118.37)
(33.81, -118.38)
(33.81, -118.39)
(33.81, -118.4)
(33.8, -118.31)
(33.8, -118.32)
(33.8, -118.33)
(33.8, -118.34)
(33.8, -118.35)
(33.8, -118.36)
(33.8, -118.37)
(33.8, -118.38)
(33.8, -118.39)
(33.8, -118.4)
(34.2, -118.31)
(34.2, -118.32)
(34.2, -118.33)
(34.2, -118.34)
(34.2, -118.35)
(34.2, -118.36)
(34.2, -118.37)
(34.2, -118.38)
(34.2, -118.39)
(34.2, -118.4)
(34.19, -118.31)
(34.19, -118.32)
(34.19, -118.33)
(34.19, -118.34)
(34.19, -118.35)
(34.19, -118.36)
(34.19, -118.37)
(34.19, -118.38)
(34.19, -118.39)
(34.19, -118.4)
(34.18, -118.31)
(34.18, -118.32)
(34.18, -118.33)
(34.18, -118.34)
(34.18, -118.35)
(34.18, -118.36)
(34.18, -118.37)
(34.18, -118.38)
(34.18, -118.39)
(34.18, -118.4)
(34.17, -118.31)
(34.17, -118.32)
(34.17, -118.33)
(34.17, -118.34)
(34.17, -118.35)
(34.17, -118.36)
(34.17, -118.37)
(34.17, -118.38)
(34.17, -118.39)
(34.17, -118.4)
(34.16, -118.31)
(34.16, -118.32)
(34.16, -118.33)
(34.16, -118.34)
(34.16, -118.35)
(34.16, -118.36)
(34.16, -118.37)
(34.16, -118.38)
(34.16, -118.39)
(34.16, -118.4)
(34.15, -118.31)
(34.15, -118.32)
(34.15, -118.33)
(34.15, -118.34)
(34.15, -118.35)
(34.15, -118.36)
(34.15, -118.37)
(34.15, -118.38)
(34.15, -118.39)
(34.15, -118.4)
(34.14, -118.31)
(34.14, -118.32)
(34.14, -118.33)
(34.14, -118.34)
(34.14, -118.35)
(34.14, -118.36)
(34.14, -118.37)
(34.14, -118.38)
(34.14, -118.39)
(34.14, -118.4)
(34.13, -118.31)
(34.13, -118.32)
(34.13, -118.33)
(34.13, -118.34)
(34.13, -118.35)
(34.13, -118.36)
(34.13, -118.37)
(34.13, -118.38)
(34.13, -118.39)
(34.13, -118.4)
(34.12, -118.31)
(34.12, -118.32)
(34.12, -118.33)
(34.12, -118.34)
(34.12, -118.35)
(34.12, -118.36)
(34.12, -118.37)
(34.12, -118.38)
(34.12, -118.39)
(34.12, -118.4)
(34.11, -118.31)
(34.11, -118.32)
(34.11, -118.33)
(34.11, -118.34)
(34.11, -118.35)
(34.11, -118.36)
(34.11, -118.37)
(34.11, -118.38)
(34.11, -118.39)
(34.11, -118.4)
(34.1, -118.31)
(34.1, -118.32)
(34.1, -118.33)
(34.1, -118.34)
(34.1, -118.35)
(34.1, -118.36)
(34.1, -118.37)
(34.1, -118.38)
(34.1, -118.39)
(34.1, -118.4)
(34.1, -118.41)
(34.1, -118.42)
(34.1, -118.43)
(34.1, -118.44)
(34.1, -118.45)
(34.1, -118.46)
(34.1, -118.47)
(34.1, -118.48)
(34.1, -118.49)
(34.1, -118.5)
(34.09, -118.41)
(34.09, -118.42)
(34.09, -118.43)
(34.09, -118.44)
(34.09, -118.45)
(34.09, -118.46)
(34.09, -118.47)
(34.09, -118.48)
(34.09, -118.49)
(34.09, -118.5)
(34.08, -118.41)
(34.08, -118.42)
(34.08, -118.43)
(34.08, -118.44)
(34.08, -118.45)
(34.08, -118.46)
(34.08, -118.47)
(34.08, -118.48)
(34.08, -118.49)
(34.08, -118.5)
(34.07, -118.41)
(34.07, -118.42)
(34.07, -118.43)
(34.07, -118.44)
(34.07, -118.45)
(34.07, -118.46)
(34.07, -118.47)
(34.07, -118.48)
(34.07, -118.49)
(34.07, -118.5)
(34.06, -118.41)
(34.06, -118.42)
(34.06, -118.43)
(34.06, -118.44)
(34.06, -118.45)
(34.06, -118.46)
(34.06, -118.47)
(34.06, -118.48)
(34.06, -118.49)
(34.06, -118.5)
(34.05, -118.41)
(34.05, -118.42)
(34.05, -118.43)
(34.05, -118.44)
(34.05, -118.45)
(34.05, -118.46)
(34.05, -118.47)
(34.05, -118.48)
(34.05, -118.49)
(34.05, -118.5)
(34.04, -118.41)
(34.04, -118.42)
(34.04, -118.43)
(34.04, -118.44)
(34.04, -118.45)
(34.04, -118.46)
(34.04, -118.47)
(34.04, -118.48)
(34.04, -118.49)
(34.04, -118.5)
(34.03, -118.41)
(34.03, -118.42)
(34.03, -118.43)
(34.03, -118.44)
(34.03, -118.45)
(34.03, -118.46)
(34.03, -118.47)
(34.03, -118.48)
(34.03, -118.49)
(34.03, -118.5)
(34.02, -118.41)
(34.02, -118.42)
(34.02, -118.43)
(34.02, -118.44)
(34.02, -118.45)
(34.02, -118.46)
(34.02, -118.47)
(34.02, -118.48)
(34.02, -118.49)
(34.02, -118.5)
(34.01, -118.41)
(34.01, -118.42)
(34.01, -118.43)
(34.01, -118.44)
(34.01, -118.45)
(34.01, -118.46)
(34.01, -118.47)
(34.01, -118.48)
(34.01, -118.49)
(34.01, -118.5)
(34.0, -118.41)
(34.0, -118.42)
(34.0, -118.43)
(34.0, -118.44)
(34.0, -118.45)
(34.0, -118.46)
(34.0, -118.47)
(34.0, -118.48)
(34.0, -118.49)
(34.0, -118.5)
(32.8, -117.11)
(32.8, -117.12)
(32.8, -117.13)
(32.8, -117.14)
(32.8, -117.15)
(32.8, -117.16)
(32.8, -117.17)
(32.8, -117.18)
(32.8, -117.19)
(32.8, -117.2)
(32.79, -117.11)
(32.79, -117.12)
(32.79, -117.13)
(32.79, -117.14)
(32.79, -117.15)
(32.79, -117.16)
(32.79, -117.17)
(32.79, -117.18)
(32.79, -117.19)
(32.79, -117.2)
(32.78, -117.11)
(32.78, -117.12)
(32.78, -117.13)
(32.78, -117.14)
(32.78, -117.15)
(32.78, -117.16)
(32.78, -117.17)
(32.78, -117.18)
(32.78, -117.19)
(32.78, -117.2)
(32.77, -117.11)
(32.77, -117.12)
(32.77, -117.13)
(32.77, -117.14)
(32.77, -117.15)
(32.77, -117.16)
(32.77, -117.17)
(32.77, -117.18)
(32.77, -117.19)
(32.77, -117.2)
(32.76, -117.11)
(32.76, -117.12)
(32.76, -117.13)
(32.76, -117.14)
(32.76, -117.15)
(32.76, -117.16)
(32.76, -117.17)
(32.76, -117.18)
(32.76, -117.19)
(32.76, -117.2)
(32.75, -117.11)
(32.75, -117.12)
(32.75, -117.13)
(32.75, -117.14)
(32.75, -117.15)
(32.75, -117.16)
(32.75, -117.17)
(32.75, -117.18)
(32.75, -117.19)
(32.75, -117.2)
(32.74, -117.11)
(32.74, -117.12)
(32.74, -117.13)
(32.74, -117.14)
(32.74, -117.15)
(32.74, -117.16)
(32.74, -117.17)
(32.74, -117.18)
(32.74, -117.19)
(32.74, -117.2)
(32.73, -117.11)
(32.73, -117.12)
(32.73, -117.13)
(32.73, -117.14)
(32.73, -117.15)
(32.73, -117.16)
(32.73, -117.17)
(32.73, -117.18)
(32.73, -117.19)
(32.73, -117.2)
(32.72, -117.11)
(32.72, -117.12)
(32.72, -117.13)
(32.72, -117.14)
(32.72, -117.15)
(32.72, -117.16)
(32.72, -117.17)
(32.72, -117.18)
(32.72, -117.19)
(32.72, -117.2)
(32.71, -117.11)
(32.71, -117.12)
(32.71, -117.13)
(32.71, -117.14)
(32.71, -117.15)
(32.71, -117.16)
(32.71, -117.17)
(32.71, -117.18)
(32.71, -117.19)
(32.71, -117.2)
(32.7, -117.11)
(32.7, -117.12)
(32.7, -117.13)
(32.7, -117.14)
(32.7, -117.15)
(32.7, -117.16)
(32.7, -117.17)
(32.7, -117.18)
(32.7, -117.19)
(32.7, -117.2)
(37.9, -122.21)
(37.9, -122.22)
(37.9, -122.23)
(37.9, -122.24)
(37.9, -122.25)
(37.9, -122.26)
(37.9, -122.27)
(37.9, -122.28)
(37.9, -122.29)
(37.9, -122.3)
(37.89, -122.21)
(37.89, -122.22)
(37.89, -122.23)
(37.89, -122.24)
(37.89, -122.25)
(37.89, -122.26)
(37.89, -122.27)
(37.89, -122.28)
(37.89, -122.29)
(37.89, -122.3)
(37.88, -122.21)
(37.88, -122.22)
(37.88, -122.23)
(37.88, -122.24)
(37.88, -122.25)
(37.88, -122.26)
(37.88, -122.27)
(37.88, -122.28)
(37.88, -122.29)
(37.88, -122.3)
(37.87, -122.21)
(37.87, -122.22)
(37.87, -122.23)
(37.87, -122.24)
(37.87, -122.25)
(37.87, -122.26)
(37.87, -122.27)
(37.87, -122.28)
(37.87, -122.29)
(37.87, -122.3)
(37.86, -122.21)
(37.86, -122.22)
(37.86, -122.23)
(37.86, -122.24)
(37.86, -122.25)
(37.86, -122.26)
(37.86, -122.27)
(37.86, -122.28)
(37.86, -122.29)
(37.86, -122.3)
(37.85, -122.21)
(37.85, -122.22)
(37.85, -122.23)
(37.85, -122.24)
(37.85, -122.25)
(37.85, -122.26)
(37.85, -122.27)
(37.85, -122.28)
(37.85, -122.29)
(37.85, -122.3)
(37.84, -122.21)
(37.84, -122.22)
(37.84, -122.23)
(37.84, -122.24)
(37.84, -122.25)
(37.84, -122.26)
(37.84, -122.27)
(37.84, -122.28)
(37.84, -122.29)
(37.84, -122.3)
(37.83, -122.21)
(37.83, -122.22)
(37.83, -122.23)
(37.83, -122.24)
(37.83, -122.25)
(37.83, -122.26)
(37.83, -122.27)
(37.83, -122.28)
(37.83, -122.29)
(37.83, -122.3)
(37.82, -122.21)
(37.82, -122.22)
(37.82, -122.23)
(37.82, -122.24)
(37.82, -122.25)
(37.82, -122.26)
(37.82, -122.27)
(37.82, -122.28)
(37.82, -122.29)
(37.82, -122.3)
(37.81, -122.21)
(37.81, -122.22)
(37.81, -122.23)
(37.81, -122.24)
(37.81, -122.25)
(37.81, -122.26)
(37.81, -122.27)
(37.81, -122.28)
(37.81, -122.29)
(37.81, -122.3)
(37.8, -122.21)
(37.8, -122.22)
(37.8, -122.23)
(37.8, -122.24)
(37.8, -122.25)
(37.8, -122.26)
(37.8, -122.27)
(37.8, -122.28)
(37.8, -122.29)
(37.8, -122.3)
(34.1, -118.31)
(34.1, -118.32)
(34.1, -118.33)
(34.1, -118.34)
(34.1, -118.35)
(34.1, -118.36)
(34.1, -118.37)
(34.1, -118.38)
(34.1, -118.39)
(34.1, -118.4)
(34.09, -118.31)
(34.09, -118.32)
(34.09, -118.33)
(34.09, -118.34)
(34.09, -118.35)
(34.09, -118.36)
(34.09, -118.37)
(34.09, -118.38)
(34.09, -118.39)
(34.09, -118.4)
(34.08, -118.31)
(34.08, -118.32)
(34.08, -118.33)
(34.08, -118.34)
(34.08, -118.35)
(34.08, -118.36)
(34.08, -118.37)
(34.08, -118.38)
(34.08, -118.39)
(34.08, -118.4)
(34.07, -118.31)
(34.07, -118.32)
(34.07, -118.33)
(34.07, -118.34)
(34.07, -118.35)
(34.07, -118.36)
(34.07, -118.37)
(34.07, -118.38)
(34.07, -118.39)
(34.07, -118.4)
(34.06, -118.31)
(34.06, -118.32)
(34.06, -118.33)
(34.06, -118.34)
(34.06, -118.35)
(34.06, -118.36)
(34.06, -118.37)
(34.06, -118.38)
(34.06, -118.39)
(34.06, -118.4)
(34.05, -118.31)
(34.05, -118.32)
(34.05, -118.33)
(34.05, -118.34)
(34.05, -118.35)
(34.05, -118.36)
(34.05, -118.37)
(34.05, -118.38)
(34.05, -118.39)
(34.05, -118.4)
(34.04, -118.31)
(34.04, -118.32)
(34.04, -118.33)
(34.04, -118.34)
(34.04, -118.35)
(34.04, -118.36)
(34.04, -118.37)
(34.04, -118.38)
(34.04, -118.39)
(34.04, -118.4)
(34.03, -118.31)
(34.03, -118.32)
(34.03, -118.33)
(34.03, -118.34)
(34.03, -118.35)
(34.03, -118.36)
(34.03, -118.37)
(34.03, -118.38)
(34.03, -118.39)
(34.03, -118.4)
(34.02, -118.31)
(34.02, -118.32)
(34.02, -118.33)
(34.02, -118.34)
(34.02, -118.35)
(34.02, -118.36)
(34.02, -118.37)
(34.02, -118.38)
(34.02, -118.39)
(34.02, -118.4)
(34.01, -118.31)
(34.01, -118.32)
(34.01, -118.33)
(34.01, -118.34)
(34.01, -118.35)
(34.01, -118.36)
(34.01, -118.37)
(34.01, -118.38)
(34.01, -118.39)
(34.01, -118.4)
(34.0, -118.31)
(34.0, -118.32)
(34.0, -118.33)
(34.0, -118.34)
(34.0, -118.35)
(34.0, -118.36)
(34.0, -118.37)
(34.0, -118.38)
(34.0, -118.39)
(34.0, -118.4)
(34.1, -118.21)
(34.1, -118.22)
(34.1, -118.23)
(34.1, -118.24)
(34.1, -118.25)
(34.1, -118.26)
(34.1, -118.27)
(34.1, -118.28)
(34.1, -118.29)
(34.1, -118.3)
(34.09, -118.21)
(34.09, -118.22)
(34.09, -118.23)
(34.09, -118.24)
(34.09, -118.25)
(34.09, -118.26)
(34.09, -118.27)
(34.09, -118.28)
(34.09, -118.29)
(34.09, -118.3)
(34.08, -118.21)
(34.08, -118.22)
(34.08, -118.23)
(34.08, -118.24)
(34.08, -118.25)
(34.08, -118.26)
(34.08, -118.27)
(34.08, -118.28)
(34.08, -118.29)
(34.08, -118.3)
(34.07, -118.21)
(34.07, -118.22)
(34.07, -118.23)
(34.07, -118.24)
(34.07, -118.25)
(34.07, -118.26)
(34.07, -118.27)
(34.07, -118.28)
(34.07, -118.29)
(34.07, -118.3)
(34.06, -118.21)
(34.06, -118.22)
(34.06, -118.23)
(34.06, -118.24)
(34.06, -118.25)
(34.06, -118.26)
(34.06, -118.27)
(34.06, -118.28)
(34.06, -118.29)
(34.06, -118.3)
(34.05, -118.21)
(34.05, -118.22)
(34.05, -118.23)
(34.05, -118.24)
(34.05, -118.25)
(34.05, -118.26)
(34.05, -118.27)
(34.05, -118.28)
(34.05, -118.29)
(34.05, -118.3)
(34.04, -118.21)
(34.04, -118.22)
(34.04, -118.23)
(34.04, -118.24)
(34.04, -118.25)
(34.04, -118.26)
(34.04, -118.27)
(34.04, -118.28)
(34.04, -118.29)
(34.04, -118.3)
(34.03, -118.21)
(34.03, -118.22)
(34.03, -118.23)
(34.03, -118.24)
(34.03, -118.25)
(34.03, -118.26)
(34.03, -118.27)
(34.03, -118.28)
(34.03, -118.29)
(34.03, -118.3)
(34.02, -118.21)
(34.02, -118.22)
(34.02, -118.23)
(34.02, -118.24)
(34.02, -118.25)
(34.02, -118.26)
(34.02, -118.27)
(34.02, -118.28)
(34.02, -118.29)
(34.02, -118.3)
(34.01, -118.21)
(34.01, -118.22)
(34.01, -118.23)
(34.01, -118.24)
(34.01, -118.25)
(34.01, -118.26)
(34.01, -118.27)
(34.01, -118.28)
(34.01, -118.29)
(34.01, -118.3)
(34.0, -118.21)
(34.0, -118.22)
(34.0, -118.23)
(34.0, -118.24)
(34.0, -118.25)
(34.0, -118.26)
(34.0, -118.27)
(34.0, -118.28)
(34.0, -118.29)
(34.0, -118.3)
(37.8, -122.41)
(37.8, -122.42)
(37.8, -122.43)
(37.8, -122.44)
(37.8, -122.45)
(37.8, -122.46)
(37.8, -122.47)
(37.8, -122.48)
(37.8, -122.49)
(37.8, -122.5)
(37.79, -122.41)
(37.79, -122.42)
(37.79, -122.43)
(37.79, -122.44)
(37.79, -122.45)
(37.79, -122.46)
(37.79, -122.47)
(37.79, -122.48)
(37.79, -122.49)
(37.79, -122.5)
(37.78, -122.41)
(37.78, -122.42)
(37.78, -122.43)
(37.78, -122.44)
(37.78, -122.45)
(37.78, -122.46)
(37.78, -122.47)
(37.78, -122.48)
(37.78, -122.49)
(37.78, -122.5)
(37.77, -122.41)
(37.77, -122.42)
(37.77, -122.43)
(37.77, -122.44)
(37.77, -122.45)
(37.77, -122.46)
(37.77, -122.47)
(37.77, -122.48)
(37.77, -122.49)
(37.77, -122.5)
(37.76, -122.41)
(37.76, -122.42)
(37.76, -122.43)
(37.76, -122.44)
(37.76, -122.45)
(37.76, -122.46)
(37.76, -122.47)
(37.76, -122.48)
(37.76, -122.49)
(37.76, -122.5)
(37.75, -122.41)
(37.75, -122.42)
(37.75, -122.43)
(37.75, -122.44)
(37.75, -122.45)
(37.75, -122.46)
(37.75, -122.47)
(37.75, -122.48)
(37.75, -122.49)
(37.75, -122.5)
(37.74, -122.41)
(37.74, -122.42)
(37.74, -122.43)
(37.74, -122.44)
(37.74, -122.45)
(37.74, -122.46)
(37.74, -122.47)
(37.74, -122.48)
(37.74, -122.49)
(37.74, -122.5)
(37.73, -122.41)
(37.73, -122.42)
(37.73, -122.43)
(37.73, -122.44)
(37.73, -122.45)
(37.73, -122.46)
(37.73, -122.47)
(37.73, -122.48)
(37.73, -122.49)
(37.73, -122.5)
(37.72, -122.41)
(37.72, -122.42)
(37.72, -122.43)
(37.72, -122.44)
(37.72, -122.45)
(37.72, -122.46)
(37.72, -122.47)
(37.72, -122.48)
(37.72, -122.49)
(37.72, -122.5)
(37.71, -122.41)
(37.71, -122.42)
(37.71, -122.43)
(37.71, -122.44)
(37.71, -122.45)
(37.71, -122.46)
(37.71, -122.47)
(37.71, -122.48)
(37.71, -122.49)
(37.71, -122.5)
(37.7, -122.41)
(37.7, -122.42)
(37.7, -122.43)
(37.7, -122.44)
(37.7, -122.45)
(37.7, -122.46)
(37.7, -122.47)
(37.7, -122.48)
(37.7, -122.49)
(37.7, -122.5)