32.899999999999999,-117.2|32.8,-117.3
34.100000000000001,-118.0|34.0,-118.1
34.0,-118.09999999999999|33.9,-118.2
37.600000000000001,-122.3|37.5,-122.4
34.200000000000003,-118.0|34.1,-118.1
38.0,-122.0|37.9,-122.1
37.5,-122.09999999999999|37.4,-122.2
32.799999999999997,-117.0|32.7,-117.1
37.299999999999997,-121.90000000000001|37.2,-122.0
34.299999999999997,-118.5|34.2,-118.6
34.0,-118.40000000000001|33.9,-118.5
34.200000000000003,-118.40000000000001|34.1,-118.5
32.799999999999997,-117.2|32.7,-117.3
33.899999999999999,-118.09999999999999|33.8,-118.2
37.700000000000003,-122.40000000000001|37.6,-122.5
33.899999999999999,-118.0|33.8,-118.1
33.700000000000003,-117.90000000000001|33.6,-118.0
37.799999999999997,-122.3|37.7,-122.4
37.399999999999999,-122.0|37.3,-122.1
37.799999999999997,-122.2|37.7,-122.3
34.100000000000001,-118.09999999999999|34.0,-118.2
33.700000000000003,-117.8|33.6,-117.9
34.0,-118.3|33.9,-118.4
33.799999999999997,-118.09999999999999|33.7,-118.2
34.200000000000003,-118.09999999999999|34.1,-118.2
33.799999999999997,-117.8|33.7,-117.9
34.200000000000003,-118.2|34.1,-118.3
33.899999999999999,-117.90000000000001|33.8,-118.0
38.600000000000001,-121.40000000000001|38.5,-121.5
33.799999999999997,-117.90000000000001|33.7,-118.0
37.399999999999999,-121.90000000000001|37.3,-122.0
37.399999999999999,-121.8|37.3,-121.9
33.899999999999999,-118.3|33.8,-118.4
34.200000000000003,-118.3|34.1,-118.4
34.100000000000001,-118.40000000000001|34.0,-118.5
32.799999999999997,-117.09999999999999|32.7,-117.2
37.899999999999999,-122.2|37.8,-122.3
34.100000000000001,-118.3|34.0,-118.4
34.100000000000001,-118.2|34.0,-118.3
37.799999999999997,-122.40000000000001|37.7,-122.5