32.8,-118.35|34.15,-118.4
32.8,-118.25|34.05,-118.3
32.8,-118.35|34.05,-118.4
37.8,-122.4|37.775,-122.425
34.1,-118.3|32.75,-118.325
34.1,-118.275|32.75,-118.3
34.1,-118.375|32.75,-118.4
34.1,-118.25|32.75,-118.275
34.1,-118.35|32.75,-118.375
36.15,-115.1|36.1,-115.2
34.05,-118.4|34,-118.5
34.1,-118.3|34.05,-118.35
34.1,-118.325|32.75,-118.35
34.1,-118.225|32.75,-118.25
32.75,-117.15|32.7,-117.2
32.8,-118.45|34.05,-118.5
34.05,-118.25|34,-118.3
37.85,-122.25|37.8,-122.3
37.35,-121.8|37.3,-121.9
33.8,-118.1|33.75,-118.2
38.6,-121.4|38.55,-121.5
37.775,-122.4|37.75,-122.425
33.85,-117.9|33.8,-118
34.15,-118.2|34.1,-118.3
34.2,-118.3|34.15,-118.4
34.1,-118.2|32.75,-118.225
33.9,-118.3|33.85,-118.4
37.8,-122.2|37.75,-122.3
34.05,-118.45|34,-118.5
33.8,-117.9|33.75,-118
33.8,-117.9|33.75,-118
33.85,-118.3|33.8,-118.4
33.7,-117.8|33.65,-117.9
34.15,-118.1|34.1,-118.2
33.75,-117.9|33.7,-118
33.75,-117.9|33.7,-118
34.1,-118.2|34.05,-118.25
37.35,-121.85|37.3,-121.9
34.1,-118|34.05,-118.1
34.1,-118.1|34.05,-118.2
33.75,-117.8|33.7,-117.9
37.8,-122.3|37.75,-122.4
34.2,-118.4|34.15,-118.5
37.4,-121.9|37.35,-122
33.8,-117.8|33.75,-117.9
34.25,-118.5|34.2,-118.6
34.1,-118.4|34.05,-118.5
33.95,-118.3|33.9,-118.4
34.05,-118.4|34,-118.45
34.15,-118.3|34.1,-118.4
34.05,-118.1|34,-118.2
37.4,-122|37.35,-122.1
33.9,-118|33.85,-118.1
34,-118.4|33.95,-118.5
37.35,-121.9|37.3,-122
34.15,-118|34.1,-118.1
32.8,-117|32.75,-117.1
34,-118.3|33.95,-118.4
34.05,-118.2|34,-118.25
33.7,-117.9|33.65,-118
34.1,-118.4|34.05,-118.45
33.9,-118.1|33.85,-118.2
33.85,-118|33.8,-118.1
37.45,-122.1|37.4,-122.2
37.6,-122.3|37.55,-122.4
32.8,-117.2|32.75,-117.3
33.9,-117.9|33.85,-118
32.8,-118.35|33.85,-118.4
34,-118.1|33.95,-118.2
36.2,-115.1|36.15,-115.2
34.2,-118.3|34.15,-118.35
37.4,-121.8|37.35,-121.9
33.95,-118.1|33.9,-118.2
33.85,-118.35|33.8,-118.4
37.3,-121.9|37.25,-122
38,-122|37.95,-122.1
37.7,-122.4|37.65,-122.5
33.65,-117.9|33.6,-118
37.8,-122.425|37.775,-122.45
33.85,-118.1|33.8,-118.2
33.9,-118.3|33.85,-118.35
34.05,-118.3|34,-118.35
34.15,-118.3|34.1,-118.35
37.65,-122.4|37.6,-122.5
33.85,-118.3|33.8,-118.35
32.75,-117.1|32.7,-117.15
38.55,-121.4|38.5,-121.5
32.8,-117.1|32.75,-117.15
32.85,-117.2|32.8,-117.3
32.9,-117.2|32.85,-117.3
32.8,-117.15|32.75,-117.2
37.775,-122.425|37.75,-122.45
34.05,-118.35|34,-118.4
37.35,-121.8|37.3,-121.85
32.75,-117.2|32.7,-117.3
37.35,-122|37.3,-122.1
37.95,-122|37.9,-122.1
32.75,-117|32.7,-117.1
37.8,-122.45|37.775,-122.475
34.2,-118.2|34.15,-118.3
34.3,-118.5|34.25,-118.6
33.65,-117.8|33.6,-117.9
37.75,-122.4|37.725,-122.425
34.15,-118.35|34.1,-118.4
33.95,-118.4|33.9,-118.5
34.2,-118.1|34.15,-118.2
37.85,-122.2|37.8,-122.25
37.5,-122.1|37.45,-122.2
37.8,-122.475|37.775,-122.5
37.775,-122.45|37.75,-122.475
37.4,-121.8|37.35,-121.85
34.15,-118.4|34.1,-118.5
34.05,-118|34,-118.1
37.25,-121.9|37.2,-122
37.775,-122.475|37.75,-122.5
37.725,-122.45|37.7,-122.475
37.55,-122.3|37.5,-122.4
37.75,-122.475|37.725,-122.5
34.2,-118|34.15,-118.1
37.725,-122.425|37.7,-122.45
37.75,-122.3|37.7,-122.4
37.75,-122.45|37.725,-122.475
37.75,-122.425|37.725,-122.45
33.75,-118.1|33.7,-118.2
37.725,-122.475|37.7,-122.5
37.75,-122.2|37.7,-122.3
37.725,-122.4|37.7,-122.425
37.9,-122.2|37.85,-122.25