(37.4, -121.81)
(37.4, -121.82)
(37.4, -121.83)
(37.4, -121.84)
(37.4, -121.85)
(37.4, -121.86)
(37.4, -121.87)
(37.4, -121.88)
(37.4, -121.89)
(37.4, -121.9)
(37.39, -121.81)
(37.39, -121.82)
(37.39, -121.83)
(37.39, -121.84)
(37.39, -121.85)
(37.39, -121.86)
(37.39, -121.87)
(37.39, -121.88)
(37.39, -121.89)
(37.39, -121.9)
(37.38, -121.81)
(37.38, -121.82)
(37.38, -121.83)
(37.38, -121.84)
(37.38, -121.85)
(37.38, -121.86)
(37.38, -121.87)
(37.38, -121.88)
(37.38, -121.89)
(37.38, -121.9)
(37.37, -121.81)
(37.37, -121.82)
(37.37, -121.83)
(37.37, -121.84)
(37.37, -121.85)
(37.37, -121.86)
(37.37, -121.87)
(37.37, -121.88)
(37.37, -121.89)
(37.37, -121.9)
(37.36, -121.81)
(37.36, -121.82)
(37.36, -121.83)
(37.36, -121.84)
(37.36, -121.85)
(37.36, -121.86)
(37.36, -121.87)
(37.36, -121.88)
(37.36, -121.89)
(37.36, -121.9)
(37.35, -121.81)
(37.35, -121.82)
(37.35, -121.83)
(37.35, -121.84)
(37.35, -121.85)
(37.35, -121.86)
(37.35, -121.87)
(37.35, -121.88)
(37.35, -121.89)
(37.35, -121.9)
(37.34, -121.81)
(37.34, -121.82)
(37.34, -121.83)
(37.34, -121.84)
(37.34, -121.85)
(37.34, -121.86)
(37.34, -121.87)
(37.34, -121.88)
(37.34, -121.89)
(37.34, -121.9)
(37.33, -121.81)
(37.33, -121.82)
(37.33, -121.83)
(37.33, -121.84)
(37.33, -121.85)
(37.33, -121.86)
(37.33, -121.87)
(37.33, -121.88)
(37.33, -121.89)
(37.33, -121.9)
(37.32, -121.81)
(37.32, -121.82)
(37.32, -121.83)
(37.32, -121.84)
(37.32, -121.85)
(37.32, -121.86)
(37.32, -121.87)
(37.32, -121.88)
(37.32, -121.89)
(37.32, -121.9)
(37.31, -121.81)
(37.31, -121.82)
(37.31, -121.83)
(37.31, -121.84)
(37.31, -121.85)
(37.31, -121.86)
(37.31, -121.87)
(37.31, -121.88)
(37.31, -121.89)
(37.31, -121.9)
(37.3, -121.81)
(37.3, -121.82)
(37.3, -121.83)
(37.3, -121.84)
(37.3, -121.85)
(37.3, -121.86)
(37.3, -121.87)
(37.3, -121.88)
(37.3, -121.89)
(37.3, -121.9)
(34.2, -118.31)
(34.2, -118.32)
(34.2, -118.33)
(34.2, -118.34)
(34.2, -118.35)
(34.2, -118.36)
(34.2, -118.37)
(34.2, -118.38)
(34.2, -118.39)
(34.2, -118.4)
(34.19, -118.31)
(34.19, -118.32)
(34.19, -118.33)
(34.19, -118.34)
(34.19, -118.35)
(34.19, -118.36)
(34.19, -118.37)
(34.19, -118.38)
(34.19, -118.39)
(34.19, -118.4)
(34.18, -118.31)
(34.18, -118.32)
(34.18, -118.33)
(34.18, -118.34)
(34.18, -118.35)
(34.18, -118.36)
(34.18, -118.37)
(34.18, -118.38)
(34.18, -118.39)
(34.18, -118.4)
(34.17, -118.31)
(34.17, -118.32)
(34.17, -118.33)
(34.17, -118.34)
(34.17, -118.35)
(34.17, -118.36)
(34.17, -118.37)
(34.17, -118.38)
(34.17, -118.39)
(34.17, -118.4)
(34.16, -118.31)
(34.16, -118.32)
(34.16, -118.33)
(34.16, -118.34)
(34.16, -118.35)
(34.16, -118.36)
(34.16, -118.37)
(34.16, -118.38)
(34.16, -118.39)
(34.16, -118.4)
(34.15, -118.31)
(34.15, -118.32)
(34.15, -118.33)
(34.15, -118.34)
(34.15, -118.35)
(34.15, -118.36)
(34.15, -118.37)
(34.15, -118.38)
(34.15, -118.39)
(34.15, -118.4)
(34.14, -118.31)
(34.14, -118.32)
(34.14, -118.33)
(34.14, -118.34)
(34.14, -118.35)
(34.14, -118.36)
(34.14, -118.37)
(34.14, -118.38)
(34.14, -118.39)
(34.14, -118.4)
(34.13, -118.31)
(34.13, -118.32)
(34.13, -118.33)
(34.13, -118.34)
(34.13, -118.35)
(34.13, -118.36)
(34.13, -118.37)
(34.13, -118.38)
(34.13, -118.39)
(34.13, -118.4)
(34.12, -118.31)
(34.12, -118.32)
(34.12, -118.33)
(34.12, -118.34)
(34.12, -118.35)
(34.12, -118.36)
(34.12, -118.37)
(34.12, -118.38)
(34.12, -118.39)
(34.12, -118.4)
(34.11, -118.31)
(34.11, -118.32)
(34.11, -118.33)
(34.11, -118.34)
(34.11, -118.35)
(34.11, -118.36)
(34.11, -118.37)
(34.11, -118.38)
(34.11, -118.39)
(34.11, -118.4)
(34.1, -118.31)
(34.1, -118.32)
(34.1, -118.33)
(34.1, -118.34)
(34.1, -118.35)
(34.1, -118.36)
(34.1, -118.37)
(34.1, -118.38)
(34.1, -118.39)
(34.1, -118.4)
(33.8, -117.91)
(33.8, -117.92)
(33.8, -117.93)
(33.8, -117.94)
(33.8, -117.95)
(33.8, -117.96)
(33.8, -117.97)
(33.8, -117.98)
(33.8, -117.99)
(33.8, -118.0)
(33.79, -117.91)
(33.79, -117.92)
(33.79, -117.93)
(33.79, -117.94)
(33.79, -117.95)
(33.79, -117.96)
(33.79, -117.97)
(33.79, -117.98)
(33.79, -117.99)
(33.79, -118.0)
(33.78, -117.91)
(33.78, -117.92)
(33.78, -117.93)
(33.78, -117.94)
(33.78, -117.95)
(33.78, -117.96)
(33.78, -117.97)
(33.78, -117.98)
(33.78, -117.99)
(33.78, -118.0)
(33.77, -117.91)
(33.77, -117.92)
(33.77, -117.93)
(33.77, -117.94)
(33.77, -117.95)
(33.77, -117.96)
(33.77, -117.97)
(33.77, -117.98)
(33.77, -117.99)
(33.77, -118.0)
(33.76, -117.91)
(33.76, -117.92)
(33.76, -117.93)
(33.76, -117.94)
(33.76, -117.95)
(33.76, -117.96)
(33.76, -117.97)
(33.76, -117.98)
(33.76, -117.99)
(33.76, -118.0)
(33.75, -117.91)
(33.75, -117.92)
(33.75, -117.93)
(33.75, -117.94)
(33.75, -117.95)
(33.75, -117.96)
(33.75, -117.97)
(33.75, -117.98)
(33.75, -117.99)
(33.75, -118.0)
(33.74, -117.91)
(33.74, -117.92)
(33.74, -117.93)
(33.74, -117.94)
(33.74, -117.95)
(33.74, -117.96)
(33.74, -117.97)
(33.74, -117.98)
(33.74, -117.99)
(33.74, -118.0)
(33.73, -117.91)
(33.73, -117.92)
(33.73, -117.93)
(33.73, -117.94)
(33.73, -117.95)
(33.73, -117.96)
(33.73, -117.97)
(33.73, -117.98)
(33.73, -117.99)
(33.73, -118.0)
(33.72, -117.91)
(33.72, -117.92)
(33.72, -117.93)
(33.72, -117.94)
(33.72, -117.95)
(33.72, -117.96)
(33.72, -117.97)
(33.72, -117.98)
(33.72, -117.99)
(33.72, -118.0)
(33.71, -117.91)
(33.71, -117.92)
(33.71, -117.93)
(33.71, -117.94)
(33.71, -117.95)
(33.71, -117.96)
(33.71, -117.97)
(33.71, -117.98)
(33.71, -117.99)
(33.71, -118.0)
(33.7, -117.91)
(33.7, -117.92)
(33.7, -117.93)
(33.7, -117.94)
(33.7, -117.95)
(33.7, -117.96)
(33.7, -117.97)
(33.7, -117.98)
(33.7, -117.99)
(33.7, -118.0)
(33.9, -118.31)
(33.9, -118.32)
(33.9, -118.33)
(33.9, -118.34)
(33.9, -118.35)
(33.9, -118.36)
(33.9, -118.37)
(33.9, -118.38)
(33.9, -118.39)
(33.9, -118.4)
(33.89, -118.31)
(33.89, -118.32)
(33.89, -118.33)
(33.89, -118.34)
(33.89, -118.35)
(33.89, -118.36)
(33.89, -118.37)
(33.89, -118.38)
(33.89, -118.39)
(33.89, -118.4)
(33.88, -118.31)
(33.88, -118.32)
(33.88, -118.33)
(33.88, -118.34)
(33.88, -118.35)
(33.88, -118.36)
(33.88, -118.37)
(33.88, -118.38)
(33.88, -118.39)
(33.88, -118.4)
(33.87, -118.31)
(33.87, -118.32)
(33.87, -118.33)
(33.87, -118.34)
(33.87, -118.35)
(33.87, -118.36)
(33.87, -118.37)
(33.87, -118.38)
(33.87, -118.39)
(33.87, -118.4)
(33.86, -118.31)
(33.86, -118.32)
(33.86, -118.33)
(33.86, -118.34)
(33.86, -118.35)
(33.86, -118.36)
(33.86, -118.37)
(33.86, -118.38)
(33.86, -118.39)
(33.86, -118.4)
(33.85, -118.31)
(33.85, -118.32)
(33.85, -118.33)
(33.85, -118.34)
(33.85, -118.35)
(33.85, -118.36)
(33.85, -118.37)
(33.85, -118.38)
(33.85, -118.39)
(33.85, -118.4)
(33.84, -118.31)
(33.84, -118.32)
(33.84, -118.33)
(33.84, -118.34)
(33.84, -118.35)
(33.84, -118.36)
(33.84, -118.37)
(33.84, -118.38)
(33.84, -118.39)
(33.84, -118.4)
(33.83, -118.31)
(33.83, -118.32)
(33.83, -118.33)
(33.83, -118.34)
(33.83, -118.35)
(33.83, -118.36)
(33.83, -118.37)
(33.83, -118.38)
(33.83, -118.39)
(33.83, -118.4)
(33.82, -118.31)
(33.82, -118.32)
(33.82, -118.33)
(33.82, -118.34)
(33.82, -118.35)
(33.82, -118.36)
(33.82, -118.37)
(33.82, -118.38)
(33.82, -118.39)
(33.82, -118.4)
(33.81, -118.31)
(33.81, -118.32)
(33.81, -118.33)
(33.81, -118.34)
(33.81, -118.35)
(33.81, -118.36)
(33.81, -118.37)
(33.81, -118.38)
(33.81, -118.39)
(33.81, -118.4)
(33.8, -118.31)
(33.8, -118.32)
(33.8, -118.33)
(33.8, -118.34)
(33.8, -118.35)
(33.8, -118.36)
(33.8, -118.37)
(33.8, -118.38)
(33.8, -118.39)
(33.8, -118.4)
(36.2, -115.11)
(36.2, -115.12)
(36.2, -115.13)
(36.2, -115.14)
(36.2, -115.15)
(36.2, -115.16)
(36.2, -115.17)
(36.2, -115.18)
(36.2, -115.19)
(36.2, -115.2)
(36.19, -115.11)
(36.19, -115.12)
(36.19, -115.13)
(36.19, -115.14)
(36.19, -115.15)
(36.19, -115.16)
(36.19, -115.17)
(36.19, -115.18)
(36.19, -115.19)
(36.19, -115.2)
(36.18, -115.11)
(36.18, -115.12)
(36.18, -115.13)
(36.18, -115.14)
(36.18, -115.15)
(36.18, -115.16)
(36.18, -115.17)
(36.18, -115.18)
(36.18, -115.19)
(36.18, -115.2)
(36.17, -115.11)
(36.17, -115.12)
(36.17, -115.13)
(36.17, -115.14)
(36.17, -115.15)
(36.17, -115.16)
(36.17, -115.17)
(36.17, -115.18)
(36.17, -115.19)
(36.17, -115.2)
(36.16, -115.11)
(36.16, -115.12)
(36.16, -115.13)
(36.16, -115.14)
(36.16, -115.15)
(36.16, -115.16)
(36.16, -115.17)
(36.16, -115.18)
(36.16, -115.19)
(36.16, -115.2)
(36.15, -115.11)
(36.15, -115.12)
(36.15, -115.13)
(36.15, -115.14)
(36.15, -115.15)
(36.15, -115.16)
(36.15, -115.17)
(36.15, -115.18)
(36.15, -115.19)
(36.15, -115.2)
(36.14, -115.11)
(36.14, -115.12)
(36.14, -115.13)
(36.14, -115.14)
(36.14, -115.15)
(36.14, -115.16)
(36.14, -115.17)
(36.14, -115.18)
(36.14, -115.19)
(36.14, -115.2)
(36.13, -115.11)
(36.13, -115.12)
(36.13, -115.13)
(36.13, -115.14)
(36.13, -115.15)
(36.13, -115.16)
(36.13, -115.17)
(36.13, -115.18)
(36.13, -115.19)
(36.13, -115.2)
(36.12, -115.11)
(36.12, -115.12)
(36.12, -115.13)
(36.12, -115.14)
(36.12, -115.15)
(36.12, -115.16)
(36.12, -115.17)
(36.12, -115.18)
(36.12, -115.19)
(36.12, -115.2)
(36.11, -115.11)
(36.11, -115.12)
(36.11, -115.13)
(36.11, -115.14)
(36.11, -115.15)
(36.11, -115.16)
(36.11, -115.17)
(36.11, -115.18)
(36.11, -115.19)
(36.11, -115.2)
(36.1, -115.11)
(36.1, -115.12)
(36.1, -115.13)
(36.1, -115.14)
(36.1, -115.15)
(36.1, -115.16)
(36.1, -115.17)
(36.1, -115.18)
(36.1, -115.19)
(36.1, -115.2)
(37.9, -122.21)
(37.9, -122.22)
(37.9, -122.23)
(37.9, -122.24)
(37.9, -122.25)
(37.9, -122.26)
(37.9, -122.27)
(37.9, -122.28)
(37.9, -122.29)
(37.9, -122.3)
(37.89, -122.21)
(37.89, -122.22)
(37.89, -122.23)
(37.89, -122.24)
(37.89, -122.25)
(37.89, -122.26)
(37.89, -122.27)
(37.89, -122.28)
(37.89, -122.29)
(37.89, -122.3)
(37.88, -122.21)
(37.88, -122.22)
(37.88, -122.23)
(37.88, -122.24)
(37.88, -122.25)
(37.88, -122.26)
(37.88, -122.27)
(37.88, -122.28)
(37.88, -122.29)
(37.88, -122.3)
(37.87, -122.21)
(37.87, -122.22)
(37.87, -122.23)
(37.87, -122.24)
(37.87, -122.25)
(37.87, -122.26)
(37.87, -122.27)
(37.87, -122.28)
(37.87, -122.29)
(37.87, -122.3)
(37.86, -122.21)
(37.86, -122.22)
(37.86, -122.23)
(37.86, -122.24)
(37.86, -122.25)
(37.86, -122.26)
(37.86, -122.27)
(37.86, -122.28)
(37.86, -122.29)
(37.86, -122.3)
(37.85, -122.21)
(37.85, -122.22)
(37.85, -122.23)
(37.85, -122.24)
(37.85, -122.25)
(37.85, -122.26)
(37.85, -122.27)
(37.85, -122.28)
(37.85, -122.29)
(37.85, -122.3)
(37.84, -122.21)
(37.84, -122.22)
(37.84, -122.23)
(37.84, -122.24)
(37.84, -122.25)
(37.84, -122.26)
(37.84, -122.27)
(37.84, -122.28)
(37.84, -122.29)
(37.84, -122.3)
(37.83, -122.21)
(37.83, -122.22)
(37.83, -122.23)
(37.83, -122.24)
(37.83, -122.25)
(37.83, -122.26)
(37.83, -122.27)
(37.83, -122.28)
(37.83, -122.29)
(37.83, -122.3)
(37.82, -122.21)
(37.82, -122.22)
(37.82, -122.23)
(37.82, -122.24)
(37.82, -122.25)
(37.82, -122.26)
(37.82, -122.27)
(37.82, -122.28)
(37.82, -122.29)
(37.82, -122.3)
(37.81, -122.21)
(37.81, -122.22)
(37.81, -122.23)
(37.81, -122.24)
(37.81, -122.25)
(37.81, -122.26)
(37.81, -122.27)
(37.81, -122.28)
(37.81, -122.29)
(37.81, -122.3)
(37.8, -122.21)
(37.8, -122.22)
(37.8, -122.23)
(37.8, -122.24)
(37.8, -122.25)
(37.8, -122.26)
(37.8, -122.27)
(37.8, -122.28)
(37.8, -122.29)
(37.8, -122.3)
(34.1, -118.41)
(34.1, -118.42)
(34.1, -118.43)
(34.1, -118.44)
(34.1, -118.45)
(34.1, -118.46)
(34.1, -118.47)
(34.1, -118.48)
(34.1, -118.49)
(34.1, -118.5)
(34.09, -118.41)
(34.09, -118.42)
(34.09, -118.43)
(34.09, -118.44)
(34.09, -118.45)
(34.09, -118.46)
(34.09, -118.47)
(34.09, -118.48)
(34.09, -118.49)
(34.09, -118.5)
(34.08, -118.41)
(34.08, -118.42)
(34.08, -118.43)
(34.08, -118.44)
(34.08, -118.45)
(34.08, -118.46)
(34.08, -118.47)
(34.08, -118.48)
(34.08, -118.49)
(34.08, -118.5)
(34.07, -118.41)
(34.07, -118.42)
(34.07, -118.43)
(34.07, -118.44)
(34.07, -118.45)
(34.07, -118.46)
(34.07, -118.47)
(34.07, -118.48)
(34.07, -118.49)
(34.07, -118.5)
(34.06, -118.41)
(34.06, -118.42)
(34.06, -118.43)
(34.06, -118.44)
(34.06, -118.45)
(34.06, -118.46)
(34.06, -118.47)
(34.06, -118.48)
(34.06, -118.49)
(34.06, -118.5)
(34.05, -118.41)
(34.05, -118.42)
(34.05, -118.43)
(34.05, -118.44)
(34.05, -118.45)
(34.05, -118.46)
(34.05, -118.47)
(34.05, -118.48)
(34.05, -118.49)
(34.05, -118.5)
(34.04, -118.41)
(34.04, -118.42)
(34.04, -118.43)
(34.04, -118.44)
(34.04, -118.45)
(34.04, -118.46)
(34.04, -118.47)
(34.04, -118.48)
(34.04, -118.49)
(34.04, -118.5)
(34.03, -118.41)
(34.03, -118.42)
(34.03, -118.43)
(34.03, -118.44)
(34.03, -118.45)
(34.03, -118.46)
(34.03, -118.47)
(34.03, -118.48)
(34.03, -118.49)
(34.03, -118.5)
(34.02, -118.41)
(34.02, -118.42)
(34.02, -118.43)
(34.02, -118.44)
(34.02, -118.45)
(34.02, -118.46)
(34.02, -118.47)
(34.02, -118.48)
(34.02, -118.49)
(34.02, -118.5)
(34.01, -118.41)
(34.01, -118.42)
(34.01, -118.43)
(34.01, -118.44)
(34.01, -118.45)
(34.01, -118.46)
(34.01, -118.47)
(34.01, -118.48)
(34.01, -118.49)
(34.01, -118.5)
(34.0, -118.41)
(34.0, -118.42)
(34.0, -118.43)
(34.0, -118.44)
(34.0, -118.45)
(34.0, -118.46)
(34.0, -118.47)
(34.0, -118.48)
(34.0, -118.49)
(34.0, -118.5)
(32.8, -117.11)
(32.8, -117.12)
(32.8, -117.13)
(32.8, -117.14)
(32.8, -117.15)
(32.8, -117.16)
(32.8, -117.17)
(32.8, -117.18)
(32.8, -117.19)
(32.8, -117.2)
(32.79, -117.11)
(32.79, -117.12)
(32.79, -117.13)
(32.79, -117.14)
(32.79, -117.15)
(32.79, -117.16)
(32.79, -117.17)
(32.79, -117.18)
(32.79, -117.19)
(32.79, -117.2)
(32.78, -117.11)
(32.78, -117.12)
(32.78, -117.13)
(32.78, -117.14)
(32.78, -117.15)
(32.78, -117.16)
(32.78, -117.17)
(32.78, -117.18)
(32.78, -117.19)
(32.78, -117.2)
(32.77, -117.11)
(32.77, -117.12)
(32.77, -117.13)
(32.77, -117.14)
(32.77, -117.15)
(32.77, -117.16)
(32.77, -117.17)
(32.77, -117.18)
(32.77, -117.19)
(32.77, -117.2)
(32.76, -117.11)
(32.76, -117.12)
(32.76, -117.13)
(32.76, -117.14)
(32.76, -117.15)
(32.76, -117.16)
(32.76, -117.17)
(32.76, -117.18)
(32.76, -117.19)
(32.76, -117.2)
(32.75, -117.11)
(32.75, -117.12)
(32.75, -117.13)
(32.75, -117.14)
(32.75, -117.15)
(32.75, -117.16)
(32.75, -117.17)
(32.75, -117.18)
(32.75, -117.19)
(32.75, -117.2)
(32.74, -117.11)
(32.74, -117.12)
(32.74, -117.13)
(32.74, -117.14)
(32.74, -117.15)
(32.74, -117.16)
(32.74, -117.17)
(32.74, -117.18)
(32.74, -117.19)
(32.74, -117.2)
(32.73, -117.11)
(32.73, -117.12)
(32.73, -117.13)
(32.73, -117.14)
(32.73, -117.15)
(32.73, -117.16)
(32.73, -117.17)
(32.73, -117.18)
(32.73, -117.19)
(32.73, -117.2)
(32.72, -117.11)
(32.72, -117.12)
(32.72, -117.13)
(32.72, -117.14)
(32.72, -117.15)
(32.72, -117.16)
(32.72, -117.17)
(32.72, -117.18)
(32.72, -117.19)
(32.72, -117.2)
(32.71, -117.11)
(32.71, -117.12)
(32.71, -117.13)
(32.71, -117.14)
(32.71, -117.15)
(32.71, -117.16)
(32.71, -117.17)
(32.71, -117.18)
(32.71, -117.19)
(32.71, -117.2)
(32.7, -117.11)
(32.7, -117.12)
(32.7, -117.13)
(32.7, -117.14)
(32.7, -117.15)
(32.7, -117.16)
(32.7, -117.17)
(32.7, -117.18)
(32.7, -117.19)
(32.7, -117.2)
(34.1, -118.31)
(34.1, -118.32)
(34.1, -118.33)
(34.1, -118.34)
(34.1, -118.35)
(34.1, -118.36)
(34.1, -118.37)
(34.1, -118.38)
(34.1, -118.39)
(34.1, -118.4)
(34.09, -118.31)
(34.09, -118.32)
(34.09, -118.33)
(34.09, -118.34)
(34.09, -118.35)
(34.09, -118.36)
(34.09, -118.37)
(34.09, -118.38)
(34.09, -118.39)
(34.09, -118.4)
(34.08, -118.31)
(34.08, -118.32)
(34.08, -118.33)
(34.08, -118.34)
(34.08, -118.35)
(34.08, -118.36)
(34.08, -118.37)
(34.08, -118.38)
(34.08, -118.39)
(34.08, -118.4)
(34.07, -118.31)
(34.07, -118.32)
(34.07, -118.33)
(34.07, -118.34)
(34.07, -118.35)
(34.07, -118.36)
(34.07, -118.37)
(34.07, -118.38)
(34.07, -118.39)
(34.07, -118.4)
(34.06, -118.31)
(34.06, -118.32)
(34.06, -118.33)
(34.06, -118.34)
(34.06, -118.35)
(34.06, -118.36)
(34.06, -118.37)
(34.06, -118.38)
(34.06, -118.39)
(34.06, -118.4)
(34.05, -118.31)
(34.05, -118.32)
(34.05, -118.33)
(34.05, -118.34)
(34.05, -118.35)
(34.05, -118.36)
(34.05, -118.37)
(34.05, -118.38)
(34.05, -118.39)
(34.05, -118.4)
(34.04, -118.31)
(34.04, -118.32)
(34.04, -118.33)
(34.04, -118.34)
(34.04, -118.35)
(34.04, -118.36)
(34.04, -118.37)
(34.04, -118.38)
(34.04, -118.39)
(34.04, -118.4)
(34.03, -118.31)
(34.03, -118.32)
(34.03, -118.33)
(34.03, -118.34)
(34.03, -118.35)
(34.03, -118.36)
(34.03, -118.37)
(34.03, -118.38)
(34.03, -118.39)
(34.03, -118.4)
(34.02, -118.31)
(34.02, -118.32)
(34.02, -118.33)
(34.02, -118.34)
(34.02, -118.35)
(34.02, -118.36)
(34.02, -118.37)
(34.02, -118.38)
(34.02, -118.39)
(34.02, -118.4)
(34.01, -118.31)
(34.01, -118.32)
(34.01, -118.33)
(34.01, -118.34)
(34.01, -118.35)
(34.01, -118.36)
(34.01, -118.37)
(34.01, -118.38)
(34.01, -118.39)
(34.01, -118.4)
(34.0, -118.31)
(34.0, -118.32)
(34.0, -118.33)
(34.0, -118.34)
(34.0, -118.35)
(34.0, -118.36)
(34.0, -118.37)
(34.0, -118.38)
(34.0, -118.39)
(34.0, -118.4)
(34.1, -118.21)
(34.1, -118.22)
(34.1, -118.23)
(34.1, -118.24)
(34.1, -118.25)
(34.1, -118.26)
(34.1, -118.27)
(34.1, -118.28)
(34.1, -118.29)
(34.1, -118.3)
(34.09, -118.21)
(34.09, -118.22)
(34.09, -118.23)
(34.09, -118.24)
(34.09, -118.25)
(34.09, -118.26)
(34.09, -118.27)
(34.09, -118.28)
(34.09, -118.29)
(34.09, -118.3)
(34.08, -118.21)
(34.08, -118.22)
(34.08, -118.23)
(34.08, -118.24)
(34.08, -118.25)
(34.08, -118.26)
(34.08, -118.27)
(34.08, -118.28)
(34.08, -118.29)
(34.08, -118.3)
(34.07, -118.21)
(34.07, -118.22)
(34.07, -118.23)
(34.07, -118.24)
(34.07, -118.25)
(34.07, -118.26)
(34.07, -118.27)
(34.07, -118.28)
(34.07, -118.29)
(34.07, -118.3)
(34.06, -118.21)
(34.06, -118.22)
(34.06, -118.23)
(34.06, -118.24)
(34.06, -118.25)
(34.06, -118.26)
(34.06, -118.27)
(34.06, -118.28)
(34.06, -118.29)
(34.06, -118.3)
(34.05, -118.21)
(34.05, -118.22)
(34.05, -118.23)
(34.05, -118.24)
(34.05, -118.25)
(34.05, -118.26)
(34.05, -118.27)
(34.05, -118.28)
(34.05, -118.29)
(34.05, -118.3)
(34.04, -118.21)
(34.04, -118.22)
(34.04, -118.23)
(34.04, -118.24)
(34.04, -118.25)
(34.04, -118.26)
(34.04, -118.27)
(34.04, -118.28)
(34.04, -118.29)
(34.04, -118.3)
(34.03, -118.21)
(34.03, -118.22)
(34.03, -118.23)
(34.03, -118.24)
(34.03, -118.25)
(34.03, -118.26)
(34.03, -118.27)
(34.03, -118.28)
(34.03, -118.29)
(34.03, -118.3)
(34.02, -118.21)
(34.02, -118.22)
(34.02, -118.23)
(34.02, -118.24)
(34.02, -118.25)
(34.02, -118.26)
(34.02, -118.27)
(34.02, -118.28)
(34.02, -118.29)
(34.02, -118.3)
(34.01, -118.21)
(34.01, -118.22)
(34.01, -118.23)
(34.01, -118.24)
(34.01, -118.25)
(34.01, -118.26)
(34.01, -118.27)
(34.01, -118.28)
(34.01, -118.29)
(34.01, -118.3)
(34.0, -118.21)
(34.0, -118.22)
(34.0, -118.23)
(34.0, -118.24)
(34.0, -118.25)
(34.0, -118.26)
(34.0, -118.27)
(34.0, -118.28)
(34.0, -118.29)
(34.0, -118.3)
(37.8, -122.41)
(37.8, -122.42)
(37.8, -122.43)
(37.8, -122.44)
(37.8, -122.45)
(37.8, -122.46)
(37.8, -122.47)
(37.8, -122.48)
(37.8, -122.49)
(37.8, -122.5)
(37.79, -122.41)
(37.79, -122.42)
(37.79, -122.43)
(37.79, -122.44)
(37.79, -122.45)
(37.79, -122.46)
(37.79, -122.47)
(37.79, -122.48)
(37.79, -122.49)
(37.79, -122.5)
(37.78, -122.41)
(37.78, -122.42)
(37.78, -122.43)
(37.78, -122.44)
(37.78, -122.45)
(37.78, -122.46)
(37.78, -122.47)
(37.78, -122.48)
(37.78, -122.49)
(37.78, -122.5)
(37.77, -122.41)
(37.77, -122.42)
(37.77, -122.43)
(37.77, -122.44)
(37.77, -122.45)
(37.77, -122.46)
(37.77, -122.47)
(37.77, -122.48)
(37.77, -122.49)
(37.77, -122.5)
(37.76, -122.41)
(37.76, -122.42)
(37.76, -122.43)
(37.76, -122.44)
(37.76, -122.45)
(37.76, -122.46)
(37.76, -122.47)
(37.76, -122.48)
(37.76, -122.49)
(37.76, -122.5)
(37.75, -122.41)
(37.75, -122.42)
(37.75, -122.43)
(37.75, -122.44)
(37.75, -122.45)
(37.75, -122.46)
(37.75, -122.47)
(37.75, -122.48)
(37.75, -122.49)
(37.75, -122.5)
(37.74, -122.41)
(37.74, -122.42)
(37.74, -122.43)
(37.74, -122.44)
(37.74, -122.45)
(37.74, -122.46)
(37.74, -122.47)
(37.74, -122.48)
(37.74, -122.49)
(37.74, -122.5)
(37.73, -122.41)
(37.73, -122.42)
(37.73, -122.43)
(37.73, -122.44)
(37.73, -122.45)
(37.73, -122.46)
(37.73, -122.47)
(37.73, -122.48)
(37.73, -122.49)
(37.73, -122.5)
(37.72, -122.41)
(37.72, -122.42)
(37.72, -122.43)
(37.72, -122.44)
(37.72, -122.45)
(37.72, -122.46)
(37.72, -122.47)
(37.72, -122.48)
(37.72, -122.49)
(37.72, -122.5)
(37.71, -122.41)
(37.71, -122.42)
(37.71, -122.43)
(37.71, -122.44)
(37.71, -122.45)
(37.71, -122.46)
(37.71, -122.47)
(37.71, -122.48)
(37.71, -122.49)
(37.71, -122.5)
(37.7, -122.41)
(37.7, -122.42)
(37.7, -122.43)
(37.7, -122.44)
(37.7, -122.45)
(37.7, -122.46)
(37.7, -122.47)
(37.7, -122.48)
(37.7, -122.49)
(37.7, -122.5)
